213 7.85445 -0.842479 2.73322 216 7.85445 0 0 6 0 0 0 0.479123 0.555556 0.444444 0.94422 0 0 0 0 0
216.503 10.6951 0.109065 3.26212 218.264 10.6747 0.0181966 -0.0519565 4.47239 1.27415 0.000202051 -0.000170655 0.202016 0.34346 0.334553 0.852294 1.80833 0.0167769 64.7391 0.127256 0
211.84 10.5667 0.132765 1.66053 214.84 10.5667 0 0 7.16 0.463033 1.68721e-005 3.85698e-006 0.27744 0.45903 0.294872 0.924048 1.25527 0.0555556 45.1111 0.0955252 0
207.429 44.203 -0.96013 2.65325 210.543 44.1072 -0.0044439 0.0070448 7.14286 2.706 0.000196756 3.81559e-006 0.482951 0.5875 0.625 0.869401 1.20412 0.0625 67.5 0.0606455 0
210.227 9.12505 0.0541724 1.92909 213.477 9.05661 -0.00980426 -0.00712307 6.54545 1.03253 0.000871904 9.52566e-005 0.392615 0.482026 0.653846 0.877435 1.36866 0.0443787 87.6154 0.0606011 0
213.346 8.90848 0.664641 2.96331 214.346 8.90848 4.57412e-014 2.72227e-013 3.68269 0.465428 -0.00010337 -5.01808e-006 0.239768 0.429565 0.575 0.719723 1.92006 0.0126874 37.6667 0.134548 0
220.258 11.651 -0.115911 2.74947 221.716 11.6048 0.0137366 0.0139115 4.04978 1.51604 0.00207375 0.000496631 0.317632 0.468946 0.52542 0.800843 2.22349 0.00675093 43.1695 0.125895 0
216.284 9.55711 0.103859 2.27161 217.284 9.55711 0 0 3.58108 0.493382 -2.9755e-005 -4.13233e-006 0.286155 0.459821 0.571429 0.806537 1.55158 0.0294785 45.3333 0.0902749 0
220.199 12.9251 -0.0166978 2.65159 221.627 12.9592 0.0435781 0.0140138 3.95139 1.22283 0.000514308 3.18822e-005 0.344611 0.48273 0.563459 0.839688 2.15018 0.00838287 33.2346 0.184787 0
215.458 5.36951 -0.453829 2.07169 216.583 5.43459 -0.00375421 0.00229267 3.70833 0.762625 0.00254215 0.0006484 0.328219 0.461638 0.344828 0.905228 1.24082 0.06 48.4 0.056187 0
217.167 11.0717 0.109689 1.80463 218.167 11.0717 0 0 3.47222 0.499228 7.30862e-008 -1.63743e-006 0.364943 0.432581 0.666667 0.868022 1.06012 0.0918367 62.5714 0.0247667 0
220.409 12.5178 0.140746 2.58258 222.187 12.5834 0.0189227 -0.00796377 4.18735 1.50956 -0.000201408 -9.96158e-005 0.29566 0.386418 0.616745 0.815856 2.01462 0.0119219 23.6864 0.290136 0
218.96 9.81623 0.324528 2.18677 219.96 9.81623 0 0 3.4 0.489898 5.20337e-006 -3.16417e-006 0.588408 0.595238 0.65625 0.945547 0.30103 0.5 36 0.027027 0
220.816 13.5771 0.0931653 2.27929 221.84 13.5486 0.00156684 0.00287793 3.44922 0.603828 6.34843e-005 8.66817e-006 0.296921 0.447295 0.381465 0.868586 2.01548 0.0114871 26.1915 0.230884 0
220.464 8.03778 -0.901868 2.82248 221.393 7.96124 -0.0154135 0.0138359 3.28571 0.451754 0.00016762 -4.70957e-006 0.542931 0.791667 0.333333 0.979934 1.32235 0.0502959 55.2308 0.172432 0
206.64 8.11852 -0.261804 1.8191 209.64 8.11852 2.16216e-014 -2.00284e-013 6 0 0 0 0.535541 0.738095 0.428571 0.956561 0.60206 0.25 53 0.0253283 0
219.684 14.2775 0.243929 1.89988 220.684 14.2775 6.56419e-015 6.81677e-014 3.47368 0.499307 -2.96227e-006 -6.6469e-007 0.279762 0.425926 0.333333 0.871495 0.60206 0.25 101 0.0101959 0
217.577 10.2296 -0.36982 2.7943 219.946 10.3503 0.00497243 0.0363866 5.03846 1.22414 -0.000457818 -2.45199e-005 0.362437 0.516882 0.47457 0.88053 1.79367 0.0169668 72.0263 0.0750416 0
221.364 10.2485 -0.87193 2.83946 223.927 10.5828 0.0357114 -0.118595 5.07273 0.911633 0.000106718 -1.04872e-006 0.293541 0.433974 0.373913 0.858937 1.53724 0.0328798 51.3333 0.165158 0
217.918 11.0921 0.328531 1.90635 219.521 11.5333 -0.011369 -0.0509171 4.20548 0.920972 4.7602e-005 1.1137e-005 0.142916 0.255125 0.338747 0.819881 1.53039 0.0344 34.36 0.123294 0
219.359 13.491 0.376653 2.59142 221.516 13.3935 -0.0236136 -0.0877698 4.89542 1.22161 -0.000361306 -3.2235e-005 0.352497 0.483052 0.561979 0.761961 1.7902 0.0184375 31.3 0.165141 0
219.058 8.95376 0.158713 1.8336 221.808 9.12528 -0.00104116 0.00565958 5.69231 1.33789 -0.000713407 0.000275424 0.154133 0.291785 0.251534 0.890376 1.27514 0.0561224 36.8571 0.230755 0
216.842 11.2936 -0.288414 3.05853 217.842 11.2936 -1.23235e-014 1.73861e-013 3.96992 1.21976 0.000703278 -6.55113e-005 0.194178 0.38134 0.322493 0.825496 1.83483 0.016059 73.2292 0.0685395 0
214.1 38.4069 -1.20682 3.49946 216.7 38.2153 -0.000436285 0.00247796 5.6 2.00998 0.000144297 1.71524e-006 0.778575 0.722222 1 0.982607 0.30103 0.5 100 0.00990099 0
214.833 10.5882 -0.0925226 3.06462 215.92 10.5645 -0.00654884 0.00771749 3.93478 1.05092 0.000622652 1.97172e-005 0.191589 0.406093 0.351576 0.810827 1.7526 0.0191837 66.7714 0.0821713 0
211.75 2.54706 -0.427786 2.88076 214.75 2.54706 0 0 6 0 0 0 0.55488 0.666667 0.346154 0.975674 1.07918 0.0833333 97 0.0228897 0
208.524 7.70664 -0.332288 2.22352 211.524 7.70664 -3.05034e-014 2.72005e-013 6.38095 0.652919 0.000548792 4.15788e-005 0.74689 0.681818 0.818182 0.964539 0.778151 0.166667 152.667 0.00856392 0
236.074 5.42918 0.178932 2.37409 239.074 5.42918 0 0 5.03704 0.188853 9.9413e-005 1.65908e-005 0.725532 0.9 0.8 0.953082 0.90309 0.125 135.25 0.0100133 0
215.027 10.344 -0.0467378 3.59016 216.027 10.344 0 0 3.55856 0.514382 -2.38113e-005 -5.91376e-006 0.191815 0.400765 0.310744 0.824054 1.73092 0.0195313 55.375 0.0911671 0
222.156 32.2491 -1.38893 4.39382 225.313 31.975 -0.0326326 0.0704211 6.25 2.87228 0.000306069 -4.37137e-005 0.777398 0.75 0.833333 0.975394 1.16649 0.0703125 51.875 0.269577 0
217.922 10.9402 0.208859 2.69892 219.021 11.0302 0.0408228 0.0565342 3.70922 0.767597 0.000206805 3.78392e-005 0.152356 0.32747 0.348378 0.758532 1.78452 0.0178125 68.875 0.0929958 0
219.862 35.6711 -2.37269 9.76658 222.708 35.3165 -0.00961131 0.042951 6.01538 3.43508 0.00253771 0.000287053 0.273552 0.50948 0.257282 0.901231 1.40415 0.0408163 55.5 0.0827442 0
219.5 8.18183 -0.759372 2.59929 220.962 8.29959 -0.0419062 0.0278417 4 1.1767 0.00222864 -8.13119e-005 0.237473 0.432692 0.230769 0.94891 1.20412 0.0625 50.25 0.0373959 0
228.929 24.6735 -1.41738 5.86264 230.857 23.9951 -0.0404861 0.152989 5.21429 1.7394 0.000268725 -2.47034e-005 0.840861 0.78 1 0.985242 1.10312 0.0816327 36.1429 0.171657 0
209.655 8.86401 0.527514 3.06282 213.103 8.73102 -0.041242 0.0239459 7.44828 0.893895 -0.00022044 -4.20124e-005 0.265786 0.479186 0.22314 0.963544 0 0 0 0 0
233.381 6.0669 0.215322 2.14089 235.714 5.64963 -0.129312 0.0816649 4.33333 0.942809 -0.0023326 -0.000215879 0.40426 0.555556 0.333333 0.938178 1.10312 0.0816327 83.7143 0.159532 0
208.654 4.15972 0.104343 2.75517 209.654 4.15972 3.29251e-014 1.15907e-012 3.96154 0.192308 -0.000242298 4.86151e-005 0.351016 0.5667 0.261364 0.964976 1.26032 0.0578512 53.8182 0.13644 0
213.764 11.3541 -0.324866 3.02474 215.755 11.5541 0.0211083 -0.0456006 4.77358 1.17186 0.000165881 -7.68108e-005 0.223132 0.408349 0.503247 0.731451 1.93857 0.0130612 64.8429 0.1451 0
222.88 27.6944 -2.33258 11.5552 225.308 27.3853 -0.0120624 0.0882205 5.07692 2.15293 0.00106094 2.98322e-005 0.288927 0.613115 0.395652 0.778516 1.81758 0.016868 57.5306 0.087518 0
230.64 24.8868 -1.42236 5.1749 232.28 24.4254 -0.00519581 0.00987233 4.52 1.57785 0.000235133 -2.49697e-005 0.871467 0.85 0.8 1 0.90309 0.125 26.25 0.185603 0
210.719 5.05739 -0.193198 3.00718 211.719 5.05739 0 0 3.875 0.330719 -0.000290069 2.86703e-005 0.23862 0.488354 0.190217 0.960998 1.39226 0.0429688 66.9375 0.0423632 0
229.318 4.4557 0.0492894 1.76751 230.409 4.36577 0.00137532 0.0280397 3.13636 0.624897 0.00631712 0.00382922 0.586893 0.7 0.4 0.976838 1.25527 0.0555556 75.2222 0.0965336 0
217.914 12.8171 -0.0582486 2.54632 219.725 12.5496 -0.00662348 -0.0372551 5.44643 1.60044 0.000170671 4.53614e-005 0.379844 0.501708 0.651648 0.796355 2.0194 0.0121362 24.6264 0.212938 0
219 29.7469 -2.33138 11.3087 220.88 29.9278 -0.0121188 0.00497537 4.512 1.49461 0.000159963 -1.68491e-005 0.220696 0.498927 0.497854 0.679045 1.83649 0.0154137 61.7442 0.105032 0
224.56 29.5365 -1.07601 3.28851 227 28.9924 -0.0284313 0.0458104 4.8 2.24499 5.04468e-005 -1.16519e-005 0.709976 0.8 0.8 0.982701 0.90309 0.125 24.75 0.267755 0
216.414 8.77414 0.670025 2.6266 217.529 8.89739 0.00127709 -0.0132451 3.72857 0.652937 5.74557e-005 3.65708e-005 0.230049 0.433247 0.203827 0.94275 1.50857 0.0328798 39.6667 0.171142 0
216.524 11.693 -0.0152936 1.90845 218.381 12.446 0.0246135 -0.0188777 4.42857 0.791107 3.53975e-005 5.49589e-006 0.441306 0.618182 0.366667 0.925807 0 0 0 0 0
216.136 12.5839 0.199583 2.54391 217.989 12.2627 -0.0274852 0.000556609 5.0226 1.65347 -0.0001632 -0.000178563 0.339192 0.460957 0.431567 0.873526 1.85636 0.0149778 38.1346 0.102431 0
224.821 27.9262 -2.09948 10.5234 227.55 27.6564 -0.0304365 0.144017 5.70714 2.10271 0.000880336 9.7483e-005 0.603564 0.715278 0.834677 0.896898 1.86503 0.0149872 76.375 0.0856803 0
223.364 30.5573 -1.0626 3.26973 225.97 30.1687 -0.0198899 0.0311085 5 2.05971 -3.59009e-005 8.39421e-006 0.745752 0.725309 1 0.963758 1.14613 0.0714286 31.2857 0.120176 0
215.25 4.18181 0.070656 2.37854 215.45 4.2834 0.0381384 -0.0365379 0.65 1.31434 0.0224599 0.00561314 0.55488 0.565217 0.521739 0.949585 0.978838 0.111111 5 0.476471 0
215.596 4.88034 -0.77552 3.60101 216.712 4.80919 0.0275655 -0.0686935 3.73077 0.736817 0.00384289 0.000524365 0.155176 0.450568 0.1375 0.917748 1.59999 0.0272222 40.1333 0.16495 0
221.568 12.479 -0.0783248 2.09376 223.519 12.0661 -0.0410093 0.0508115 5.17838 1.87604 -0.000471597 -0.000189038 0.21607 0.363197 0.727265 0.74429 1.83451 0.0164515 32.9796 0.240636 0
223.263 25.3885 -1.57953 8.95745 225.538 25.1344 -0.0180404 0.122177 4.86538 1.77261 0.000371358 -2.93982e-005 0.719446 0.757209 0.832928 0.938804 1.94314 0.0131579 64.2237 0.115897 0
214.089 12.825 0.629788 1.8521 216.289 11.9362 0.0111503 0.036191 4.84444 1.42915 -0.000903367 -5.68937e-005 0.3468 0.520833 0.5 0.799455 1.14613 0.0714286 73.1429 0.0215889 0
209.061 7.23602 -0.0232348 3.1901 209.152 7.37778 0.0283434 -0.0228419 0.272727 0.862439 0.00231175 0.00054782 0.63624 0.650452 0.764706 0.952773 1.30103 0.05 55.7 0.0841484 0
222.436 4.62312 -0.398822 2.49889 223.436 4.62312 0 0 3.12727 0.333278 0.000493694 4.73187e-005 0.205311 0.470752 0.173709 0.937588 1.61003 0.0266667 47.8667 0.13616 0
216.017 12.7601 -0.223393 2.81289 217.261 12.6784 -0.0273595 0.0278162 4.21577 1.45582 0.000845944 3.843e-006 0.300548 0.452096 0.478947 0.846249 2.03419 0.0105888 37.9545 0.197252 0
222.951 28.2764 -1.78254 9.07948 223.864 28.181 -0.0100433 0.0422111 3.50617 1.33448 0.000112435 -1.02585e-005 0.426122 0.665 0.5 0.832646 1.92422 0.0136719 74.3625 0.0889577 0
227.042 6.3671 0.0682448 2.20823 228.125 6.43113 -0.00886764 -0.0336674 3.125 0.438986 0.000552851 0.000133275 0.305723 0.592905 0.216216 0.953753 1.25527 0.0555556 60.6667 0.055149 0
216.406 12.7957 0.228748 2.79444 217.506 12.8212 0.011879 -0.0351397 3.70556 1.0472 0.000217655 0.000138944 0.306039 0.45523 0.367187 0.877886 1.88106 0.0142 48.92 0.130048 0
217.711 34.8975 -2.00784 8.33133 220.124 34.8509 -0.0495278 0.202293 5.27835 2.54746 0.000337543 -7.98674e-005 0.438742 0.545722 0.692033 0.874297 1.54767 0.0299587 60.5 0.106746 0
226.25 28.4374 -1.15972 3.49749 227.55 27.6794 -0.0102022 0.00272064 8.3 2.64764 0.000620734 -4.3628e-005 0.691565 0.78125 1 0.945032 0.778151 0.166667 14 0.199095 0
213.035 10.1261 0.216054 2.90071 215.805 10.246 0.00313668 0.0124109 6.0354 1.44779 -0.00333468 0.00121441 0.186993 0.341883 0.468496 0.703115 1.99646 0.0109333 43.7333 0.194787 0
229.803 6.25108 -0.156741 3.15445 231.934 6.03506 0.0410471 0.000300905 4.09836 1.78982 -0.00875107 -0.00140918 0.181016 0.416452 0.170103 0.936452 1.51684 0.0356718 39.2414 0.288908 0
217.203 30.3982 -1.90832 8.68857 220.919 30.2697 -0.0685457 0.312308 7.39024 2.83312 0.000904143 -0.000235828 0.495567 0.61485 0.798514 0.808348 1.76379 0.0190625 51.65 0.141633 0
229.296 28.731 -1.11723 3.09189 230.556 28.3253 -0.0145646 0.0125062 6.48148 2.37846 0.000408823 -1.19338e-005 0.725606 0.700758 0.916667 0.956067 0.90309 0.125 11.75 0.281757 0
217.932 12.5429 0.203941 2.4091 220.394 12.3403 -0.0511174 -0.0185833 5.38873 1.56399 -0.00106196 3.08424e-005 0.309137 0.461727 0.574088 0.803848 2.11787 0.00891111 30.82 0.190481 0
217.3 12.3751 -0.0778361 4.92215 218.833 12.5647 -0.035368 -0.113962 3.86667 1.28409 0.000154862 -0.00015898 0.380196 0.445598 0.651163 0.851475 1.30103 0.05 44.6 0.104581 0
237.101 5.97801 0.290978 2.48364 238.671 5.59322 0.0595208 0.0353209 4.32911 1.0028 -0.00200541 -0.000473115 0.153119 0.438009 0.139505 0.930131 1.67975 0.0233399 36.5128 0.168558 0
216.259 33.6358 -2.21315 9.66348 218.906 33.4645 0.00773422 -0.0490089 5.71765 3.01218 0.00231276 0.000543457 0.531934 0.585571 0.916883 0.849502 1.59458 0.0260771 37.8095 0.0784911 0
215.139 11.2745 0.419134 2.5153 216.94 10.9261 -0.014122 -0.0135554 4.54229 1.68678 0.000516141 0.000105764 0.107255 0.249221 0.497586 0.609004 1.80136 0.017094 40.2821 0.146559 0
228.76 26.4413 -1.47315 4.88941 231.8 26.2267 -0.0290365 0.0684143 5.68 2.13016 6.74484e-005 -2.47445e-005 0.786081 0.702479 1 0.967581 0.90309 0.125 51.25 0.0481868 0
220.927 31.5007 -1.97071 8.96699 222.229 31.1751 -0.0107945 0.0306297 3.96875 2.19589 0.000644137 2.89685e-005 0.438254 0.524917 0.774728 0.807505 1.50997 0.0340909 43.4545 0.12351 0
215.799 11.362 0.0673841 2.46823 217.525 10.9194 -0.0322634 0.0418548 4.26639 1.83955 -0.00151176 0.000246658 0.237606 0.337804 0.844828 0.751576 2.03257 0.0105882 39.2235 0.167411 0
226.25 26.2916 -1.00748 3.41708 228.563 26.0528 -0.0410719 0.0969377 4.6875 2.02234 3.51077e-005 1.20675e-006 0.927069 0.92 1 1 1.14613 0.0714286 45.2857 0.148297 0
239.778 4.34045 -0.34083 2.74315 241.944 4.10923 0.0640964 -0.129616 4.16667 0.986013 0.000389567 -0.00280494 0.169327 0.427865 0.158301 0.942936 1.32235 0.0502959 53.3846 0.212949 0
214.733 21.3171 0.451803 2.40449 216.889 20.8019 -0.0385632 -0.0050313 5.48889 2.13565 -0.000627874 -8.77976e-006 0.165205 0.333333 0.529412 0.687891 1.12886 0.078125 89.625 0.0914828 0
224.346 30.0611 -1.93752 8.93743 226.75 29.6935 -0.0141446 0.0310529 5.97115 2.61452 0.00136171 0.000209878 0.801273 0.762029 0.81002 0.984388 1.57069 0.0299745 61 0.104189 0
215.629 12.6061 0.179445 2.60988 217.596 12.1274 -0.0213865 0.0285398 4.45289 1.63874 -0.000366762 -0.000181345 0.280533 0.439046 0.464298 0.8103 2.05588 0.0103616 36.5317 0.201371 0
226 23.5213 -0.868471 3.2855 227.5 23.4641 -0.0245851 0.0483539 3.8125 1.37925 8.38443e-005 -1.53261e-007 0.927069 0.92 1 1 1.01712 0.102041 37.1429 0.185514 0
228.172 21.0419 -0.652803 2.61978 229.241 20.847 -0.0152038 0.0338796 4.31034 1.34173 -3.76301e-005 1.5822e-005 0.293684 0.476093 0.393443 0.850792 1.20412 0.0625 79.125 0.0181116 0
218.562 30.7494 -1.93535 8.9035 220.764 30.5721 -0.0395781 0.203258 4.86517 1.68397 0.000152606 -2.0494e-005 0.418065 0.493458 0.72737 0.813821 1.56591 0.0283447 57.5714 0.0909273 0
212.99 10.2337 0.272514 3.17916 214.068 10.1243 -0.0014781 0.012323 3.875 1.08253 -4.50835e-005 0.000141671 0.190728 0.378191 0.369352 0.774391 1.86424 0.0144862 51.7447 0.168323 0
230.561 16.5132 -0.348206 1.80227 231.561 16.5132 0 0 3.31707 0.465336 1.26926e-005 -5.80589e-008 0.30056 0.456195 0.33758 0.911206 1.40415 0.0408163 68.7143 0.0410311 0
221.404 28.7448 -1.58471 7.60676 222.978 28.6254 -0.0362044 0.112623 3.61798 1.86334 0.000172191 -4.64902e-005 0.558013 0.634823 0.670993 0.875579 1.42661 0.0416667 48 0.102771 0
226.393 28.8646 -1.04896 3.70017 226.464 28.6013 -0.00114864 -0.00810202 6.92857 3.1274 0.000238133 -8.91061e-005 0.764828 0.78 1 0.953718 0.978838 0.111111 34.3333 0.348845 0
217.225 11.7827 0.309589 2.50686 218.229 11.7746 0.00250244 -0.00301517 3.61847 1.01149 -9.68259e-005 9.50313e-005 0.22354 0.371503 0.505562 0.738551 2.03914 0.0102422 34.5529 0.139041 0
220.114 26.4259 -0.149548 1.77866 221.182 25.9442 0.00339526 -0.02185 5.11364 1.6681 -9.72028e-005 1.17773e-005 0.667912 0.654025 0.558824 0.956628 1.07918 0.0833333 144.5 0.0120217 0
224.842 26.9422 -1.55296 7.0123 227.305 26.5929 -0.0208035 0.0964609 5.71579 1.97171 0.000426857 -2.48166e-005 0.597428 0.65807 0.75416 0.889232 1.64595 0.0255102 48.4643 0.0877726 0
229.179 26.9285 -1.2037 4.04106 229.893 26.6583 -0.0165221 0.0377704 2.60714 1.39743 3.56967e-005 -5.89929e-006 0.840861 0.78 1 0.985242 0.939794 0.12 39.6 0.256764 0
215.198 10.8493 0.21982 2.63039 217.034 11.4131 0.00899351 -0.0205243 5.00683 1.50311 -0.00018141 0.000338283 0.235975 0.396628 0.537405 0.694377 2.05179 0.0096314 45.5 0.136465 0
222.491 26.8512 -0.262076 1.75852 223.386 26.62 -0.00182571 -0.00574411 3.92982 1.30934 -3.53777e-005 9.16342e-006 0.507591 0.558442 0.785714 0.895716 1.32235 0.056213 59.3846 0.187122 0
220.6 29.3258 -1.47835 6.29849 221.424 29.1436 -0.0144854 0.0473744 3.52941 1.2796 6.13221e-005 -2.12666e-006 0.549945 0.580683 0.791337 0.847264 1.51641 0.031856 41.3684 0.0794198 0
211.374 8.61064 0.0178318 3.06126 212.722 8.8414 0.0142652 0.0398811 4.23232 1.0183 0.000291096 6.24267e-005 0.262887 0.373018 0.470345 0.822369 1.8983 0.0138683 58.9231 0.12789 0
232.45 22.551 -1.43774 4.27365 235.25 22.2123 -0.0364324 0.0787747 5.1 1.9975 0.000322833 -5.95726e-005 0.774355 0.833333 0.6 0.987492 0.60206 0.25 17 0.0692308 0
227.071 27.9744 -0.879856 2.58862 227.714 27.8104 -0.00110024 -0.000912543 3.64286 1.00762 1.40346e-005 2.15998e-007 0.698735 0.678571 0.571429 0.986874 0.60206 0.25 102.5 0.0164547 0
224.225 28.3594 -1.22755 4.65301 225.902 27.9322 -0.000220298 -0.000978897 5.65686 2.1213 0.000177653 4.22797e-006 0.607902 0.681905 0.764444 0.880636 1.66853 0.0234131 43.3548 0.13358 0
214.314 15.1106 0.685253 2.62136 215.371 14.9553 -0.0283068 -0.0470741 3.94286 1.21756 -8.58992e-005 -4.68768e-006 0.347102 0.597222 0.25 0.945499 0.90309 0.125 94.5 0.0126195 0
212.665 9.37821 0.0520305 3.02775 213.655 9.18857 0.00395463 0.0619631 4.51942 1.15629 0.000298443 -0.000163667 0.366934 0.506078 0.440246 0.880254 1.89121 0.0142353 62.6825 0.131554 0
223.613 31.221 -1.04965 3.33166 225.968 30.5967 -0.0298301 0.0527593 4.51613 2.46093 7.81426e-005 -1.44484e-005 0.886762 0.916667 0.666667 1 1.07918 0.0833333 52.5 0.135511 0
234.677 23.3313 -1.48737 4.59032 235.403 23.1938 -0.00969848 0.0195528 3.98387 1.57082 0.000101811 -1.47531e-005 0.414551 0.741667 0.266667 0.937969 1.41569 0.0429688 83.25 0.102946 0
225.577 32.877 -1.89084 7.88137 226.76 32.517 -0.00648718 0.0274617 3.75962 2.30174 0.000646209 5.02445e-005 0.799154 0.763021 0.808036 0.987131 1.60383 0.0273438 57.1563 0.113675 0
212.241 13.5943 1.04042 4.05925 214.207 13.1238 0.0258297 0.0497918 4.58621 1.52037 -0.000981537 -0.000212125 0.205768 0.425757 0.213115 0.888799 0.879588 0.14 72.4 0.0453397 0
213.245 8.86552 0.210245 2.67557 215.016 8.98159 0.00296595 -0.0893179 4.83268 1.58028 9.18843e-005 -0.000283817 0.246587 0.415062 0.415891 0.818946 2.08951 0.0094 56.64 0.128846 0
222.484 29.6712 -0.795359 2.81784 223.581 29.3838 -0.0228955 0.0385356 3.54839 2.12267 0.000194023 1.14956e-006 0.886762 0.916667 0.666667 1 1.07918 0.0833333 45.8333 0.208049 0
235 22.5681 -1.52378 4.73475 236.171 21.8475 -0.000283806 0.0165384 4.56098 1.41505 0.00020321 -1.88246e-005 0.651171 0.805556 0.444444 0.967708 1.15493 0.0740741 87 0.246848 0
226.135 29.7121 -1.7616 7.6764 228.635 29.3248 -0.0273575 0.120133 4.85577 2.0728 0.000329925 -1.57469e-005 0.713459 0.671447 0.698068 0.959225 1.65962 0.0231867 54.3103 0.0691839 0
211.326 10.3423 1.24485 4.5014 212.326 10.3423 6.35048e-014 3.06422e-013 3.83721 0.369175 -6.98531e-005 -1.33203e-007 0.276121 0.510771 0.222222 0.943591 0 0 0 0 0
236.625 17.8811 -1.40555 4.53323 238.225 17.4263 -0.00776883 0.0158498 3.975 1.47458 0.000392977 -4.70801e-005 0.244862 0.559524 0.214286 0.906438 0.778151 0.166667 104.667 0.0116978 0
217.46 11.3567 0.127148 2.48783 218.71 11.7063 0.0412218 0.0336295 3.75403 0.707095 6.38296e-005 4.95035e-006 0.339741 0.477265 0.523251 0.867366 1.98528 0.0118245 52.046 0.139187 0
222.7 30.0782 -1.75331 6.98663 225.311 29.8417 -0.0136022 0.0491136 5.14444 1.91811 0.000260069 -8.05494e-006 0.50626 0.583788 0.65133 0.891041 1.41692 0.04 38.2667 0.136068 0
224.056 24.2307 -0.427992 1.77478 225.213 24.0282 -0.0116428 0.0163376 3 1.35401 0.000123337 1.27079e-005 0.341941 0.503086 0.5 0.833919 1.66075 0.0246914 87.4722 0.175276 0
227.625 25.6063 -0.992433 2.95996 230.05 25.2507 -0.0101898 0.0153174 5.05 1.39553 4.74254e-005 -7.64104e-007 0.772974 0.819444 0.444444 1 1.09123 0.0859375 108.125 0.152137 0
223.686 26.8528 -1.09611 4.14516 225.8 26.6553 -0.049152 0.1373 7.74286 3.02695 0.000576392 -3.45248e-005 0.81306 0.833333 0.833333 0.981874 1.25527 0.0555556 48.2222 0.101558 0
215.533 11.0301 0.128991 2.50111 218.421 11.2104 0.000994257 -0.0219451 5.70248 1.06906 -0.00090611 0.000309133 0.332494 0.457169 0.466071 0.890007 2.02345 0.0106267 39.6484 0.142916 0
222.57 28.4016 -1.34603 5.59144 225.151 28.1833 -0.00630368 0.0299374 5.12903 1.69899 0.000156304 9.55845e-007 0.596513 0.684682 0.866207 0.861972 1.47416 0.0373264 38 0.183263 0
230.472 18.0066 -0.626401 2.55914 231.298 17.8742 -0.00640195 0.0058099 2.4472 1.114 4.21766e-005 5.13362e-006 0.377325 0.687831 0.259259 0.914879 1.99443 0.0115074 58.7654 0.0893309 0
231.818 23.5334 -1.37014 4.18113 233.818 23.1659 -0.00538546 0.00247701 4.72727 1.47037 0.000103766 -8.50682e-006 0.401157 0.740385 0.307692 0.902492 1.28769 0.053719 98.2727 0.0392227 0
214 11.0772 -0.058137 2.55047 216.92 11.1778 -0.00842405 -0.00122181 5.77741 0.647218 -0.000313229 7.84614e-005 0.254523 0.398037 0.446218 0.806715 2.09307 0.00943396 43.1981 0.155739 0
223.531 30.2448 -1.29534 4.40295 225.438 30.2561 -0.0317848 0.067725 6.5625 2.54874 0.000261166 -4.74574e-005 0.845837 0.766667 0.833333 0.980726 1.14613 0.0714286 32.5714 0.177318 0
211.069 58.8364 -1.28224 3.31623 211.828 58.6586 -0.00300029 0.00624869 3.58621 2.76078 0.000144623 6.37786e-006 0.356328 0.402778 0.529412 0.914661 0.60206 0.25 72.5 0.0137899 0
224.457 16.1814 -0.267853 2.53045 227.232 16.194 0.00761158 -0.0196219 5.64901 1.03065 -7.4879e-005 1.27538e-005 0.440802 0.704545 0.363636 0.884224 2.02244 0.0105131 56.1667 0.141908 0
232.955 24.8358 -1.17332 3.24641 234.273 24.8782 -0.0124676 0.0172242 3.31818 1.50413 5.41439e-005 -4.83868e-007 0.464411 0.693182 0.363636 0.907976 1.09769 0.09 66.1 0.07547 0
211.068 8.95232 -0.198723 2.58743 213.804 9.22076 0.0317581 -0.03512 5.72297 1.16724 -0.000726852 0.000312374 0.426933 0.588002 0.506495 0.901347 1.69038 0.0225 89.75 0.0647132 0
228.034 23.4616 -1.29793 5.21685 229.828 23.2691 0.00101661 -0.0580142 4.48276 2.01067 0.000184876 -7.06809e-005 0.806147 0.8 1 0.979821 1.07918 0.0833333 41.5 0.128562 0
241.625 11.6933 -1.21829 3.14625 244.208 11.2915 -0.0607148 0.0637002 5.04167 1.71948 -0.000746884 0.000510358 0.60461 0.714286 0.428571 0.973424 0 0 0 0 0
212.462 61.9738 -1.65859 4.49288 213.269 61.8429 -0.00275871 0.00673411 3.92308 3.86227 0.000516852 4.55956e-005 0.407337 0.521429 0.714286 0.845215 1.24082 0.06 70.6 0.257927 0
211.287 8.40122 -0.166988 2.75757 213.569 8.51855 0.0431232 0.00600076 5.87845 0.889863 -0.00188592 0.000810054 0.316747 0.500074 0.446626 0.861036 1.913 0.0130854 67.4394 0.165428 0
221.781 29.7802 -1.22739 4.16648 223.313 29.3699 -0.00262357 -0.0156162 3.9375 2.16416 0.000338553 -2.67234e-005 0.845837 0.766667 0.833333 0.980726 1.27093 0.055 60.3 0.131534 0
212.905 17.1045 -0.151776 1.78871 213.905 17.1045 -2.84495e-015 4.4853e-014 3.47619 0.499433 3.07599e-006 -2.83349e-007 0.825379 0.772059 0.705882 0.975596 1.18838 0.0679012 86.3333 0.0195337 0
224.115 19.5587 -0.316948 2.44663 225.746 19.6531 -0.0178666 0.00274622 4.21695 1.44283 2.502e-005 5.38604e-006 0.405213 0.596491 0.370698 0.894768 2.1011 0.008928 47.464 0.0908264 0
214.942 11.6725 0.481344 2.72852 216.879 11.3979 -0.0258072 -0.00669084 5.42995 1.24864 -0.000988281 4.88972e-006 0.300077 0.403979 0.559183 0.805107 1.90994 0.013949 47.2059 0.120415 0
224.362 20.0978 -0.191248 2.16046 226.37 19.7409 -0.0172021 -0.00916447 4.48023 1.60891 -7.61669e-005 9.01378e-006 0.204951 0.50914 0.433025 0.690197 2.14572 0.00867552 41.411 0.119233 0
229.296 21.5507 -0.877718 3.34612 231.889 21.1088 -0.0323566 0.0561332 5.25926 1.83772 5.81551e-005 -6.86725e-006 0.88119 0.925 0.8 1 1 0.1 40 0.0547371 0
219.46 32.3212 -1.56901 6.69329 222.023 31.8646 -0.0353909 0.116516 5.08046 2.34015 0.000294156 -2.20865e-005 0.567954 0.606967 0.748087 0.855671 1.51544 0.03375 43.15 0.116144 0
210.672 7.98918 -0.136072 3.71799 213.18 8.15728 0.0167226 -0.0315974 5.47541 0.907285 -0.000680626 -8.31995e-005 0.335531 0.529586 0.375091 0.901266 1.68619 0.0224609 94.7813 0.0380664 0
221.487 19.3277 -0.0233319 2.26296 224.15 19.0727 -0.0188536 0.0194177 5.24866 1.35224 -0.000326561 6.05006e-005 0.365893 0.541062 0.372502 0.879803 2.20459 0.00719513 44.5148 0.178192 0
217.699 34.5639 -1.68254 6.8589 220.409 34.2713 -0.0216719 0.0708776 5.51613 2.20758 0.000351663 2.12637e-005 0.589664 0.655171 0.714286 0.868866 1.58423 0.0274102 45.4783 0.0738049 0
228.852 22.5252 -1.60179 6.12894 232.556 22.5213 -0.0225628 0.0948087 6.18519 1.44112 0.000212847 -3.45526e-005 0.88119 0.925 0.8 1 0.827832 0.15625 34.5 0.391755 0
210.361 9.32247 0.142285 2.72484 213.356 9.46257 0.00820244 0.0525312 6.06111 0.716193 0.000206961 0.000118599 0.356345 0.515598 0.362431 0.895553 1.92339 0.0132674 63.871 0.134443 0
222.793 19.9427 -0.00696092 1.85565 224.909 19.6501 -0.0067788 0.00735326 4.79834 1.851 -0.000113955 1.75847e-005 0.249193 0.425029 0.346005 0.787087 2.15232 0.00810314 43.3657 0.198375 0
218.164 32.4907 -1.36371 5.62992 220.479 32.1747 -0.0453573 0.168556 5.0411 1.85383 5.38162e-005 -1.20573e-005 0.506162 0.563551 0.594167 0.898776 1.30103 0.05 44.9 0.0440254 0
228.321 23.9345 -1.44069 6.03681 229.214 23.8168 -0.0120499 0.0346884 3.32143 2.20476 0.0011255 -2.97871e-005 0.840861 0.78 1 0.985242 1.07918 0.0833333 36.8333 0.135189 0
214.751 10.2934 0.135817 2.77817 217.229 10.2751 0.0254028 0.0490728 5.28571 1.21375 -0.000460281 4.8481e-005 0.287643 0.405658 0.523188 0.770873 2.09265 0.00880907 45.713 0.132251 0
225.552 19.9625 -0.259945 2.04744 227.405 19.7366 -0.00710423 0.00227258 4.77586 1.63872 2.12678e-005 5.85854e-006 0.229861 0.500947 0.531329 0.695214 2.12948 0.00836182 47.6641 0.154379 0
219.159 29.6518 -1.05775 4.26637 220.78 29.6253 -0.0325614 0.0427614 4.04878 1.91211 6.65696e-005 -8.57133e-006 0.467352 0.596897 0.669627 0.817654 1.44871 0.0371094 42.8125 0.135275 0
209.791 8.00582 -0.219482 3.32434 212.273 7.93934 0.00528287 -0.0363696 5.66187 1.27259 -0.000308469 -0.000239852 0.366812 0.52974 0.513909 0.897653 1.73744 0.0192837 84.697 0.103667 0
223.667 29.8354 -1.32472 4.29286 226 29.3535 -0.0229095 0.0485307 5.11111 1.85259 2.90687e-005 8.78739e-006 0.79774 0.770833 0.666667 0.979129 0.90309 0.125 26.25 0.117755 0
220.805 22.2326 -0.201559 2.24932 223.09 21.8655 -0.0164954 0.0249147 5.31269 2.09482 0.000149573 1.88511e-005 0.190048 0.43975 0.570792 0.646113 2.06316 0.0105249 67.4486 0.120713 0
214.675 32.856 -1.43175 6.40722 215.753 32.8112 -0.0114821 0.0198799 3.61039 1.48723 7.15774e-005 -1.78662e-006 0.516 0.550794 0.78986 0.895404 1.36866 0.0443787 29.5385 0.112122 0
211.039 9.50526 0.114922 2.57661 213.477 9.3353 -0.0205363 -0.00641173 5.38281 1.28769 -0.000683943 6.30753e-005 0.187432 0.364893 0.554947 0.650071 1.9736 0.0124717 61.5714 0.147723 0
231.154 20.6783 -0.880541 3.2165 233.769 20.2642 -0.0312593 0.049765 4.84615 1.93535 -0.000199641 3.27004e-005 0.922729 0.9 0.8 1 0.827832 0.15625 13.25 0.396463 0
223.412 21.0732 -0.264517 2.17924 225.857 20.7545 -0.0166727 0.00822303 5.51821 1.46398 -0.000127971 2.57198e-005 0.222089 0.393626 0.572884 0.705299 2.1251 0.00872594 57.2288 0.120046 0
218.686 34.3664 -1.50729 5.84105 219.581 34.2577 -0.00752651 0.020976 3.34884 1.25538 4.53625e-005 6.28468e-007 0.53385 0.575865 0.669259 0.901256 1.42989 0.0390625 45.3125 0.101989 0
212.562 10.1526 -0.0504922 2.86819 215.094 9.72715 -0.0261152 -0.0168706 5.39394 1.24033 -0.000837332 4.82177e-005 0.335185 0.497155 0.487036 0.866208 2.06695 0.00971102 47.5398 0.118908 0
224.028 20.8637 -0.385641 2.24794 226.687 20.6382 -0.0129341 0.00364653 5.55684 1.35588 -0.000122827 3.76149e-005 0.261403 0.478291 0.667757 0.704316 2.19331 0.00731037 44.3207 0.151143 0
229.604 33.0998 -2.16776 7.72733 232.094 32.8411 -0.014873 0.0500042 4.79245 2.17497 0.00032265 -2.47719e-005 0.346469 0.506944 0.888889 0.765097 1.25527 0.0555556 69.1111 0.0197583 0
210.99 8.92609 -0.619407 4.69125 213.574 8.99977 0.0550325 -0.122982 5.59898 0.876425 -0.000287598 -6.04936e-005 0.259009 0.386056 0.528023 0.821782 1.91868 0.0135445 58.2273 0.12903 0
221.571 21.1464 -0.181299 2.16657 223.532 21.0946 0.00841916 -0.0323107 4.57143 1.60056 0.000106915 3.15701e-005 0.257756 0.430779 0.572235 0.728854 2.12328 0.00846174 49.7961 0.160257 0
222.88 41.9722 -2.12466 6.85335 225.56 41.7417 -0.0120449 0.0372639 5.58 2.92636 0.000583397 7.90245e-007 0.333387 0.485714 0.714286 0.764168 1.27987 0.0555556 76 0.216635 0
228.84 22.1661 -1.3299 5.02628 231.6 21.8961 -0.0287965 0.0630598 5.36 1.69423 -7.11197e-005 2.37765e-005 0.871467 0.85 0.8 0.988622 0.90309 0.125 15 0.121463 0
211.876 8.46349 -0.125531 2.76346 214.929 8.50946 0.0162964 0.0227945 6.10619 0.486323 0.000381959 9.03121e-005 0.293314 0.435976 0.535949 0.791029 1.93804 0.0127074 65.4348 0.159767 0
223.136 21.0872 -0.248379 2.15462 224.65 20.8149 -0.023028 0.0329748 3.89417 1.56488 0.000105409 1.66779e-006 0.253576 0.437876 0.676714 0.7127 2.18773 0.00773782 54.1006 0.152254 0
226.929 36.8863 -2.48993 9.44521 229.661 36.7026 -0.0128846 0.0533287 6.125 2.33806 0.000490271 -3.71539e-006 0.498707 0.569444 0.888889 0.865388 1.40415 0.0408163 83.2143 0.0852189 0
206.516 17.4391 -0.119973 1.85711 209.71 17.6383 0.00894279 0.00754799 6.64516 0.742636 3.00381e-005 3.89738e-007 0.498707 0.541667 0.585366 0.905394 1 0.1 98.6 0.0111527 0
211.302 9.40482 -0.208516 2.71217 214.309 9.46779 0.0156057 0.00511066 6.03636 0.558037 0.000165721 6.86373e-005 0.149003 0.32681 0.629518 0.649804 2.07571 0.00960302 60.6435 0.126501 0
231.615 19.9347 -0.971165 3.59105 234.192 19.4759 -0.0396934 0.0701059 4.92308 2.05544 7.15878e-007 1.92147e-005 0.922729 0.9 0.8 1 0.827832 0.15625 22.5 0.279321 0
224.074 21.1712 -0.275525 2.23058 225.585 20.7809 -0.0307939 0.0530263 4.08211 1.584 0.000124414 1.09186e-005 0.238997 0.475896 0.637749 0.677462 2.22824 0.00687942 50.4402 0.123312 0
226.364 41.7797 -2.30521 7.5332 228.964 41.5263 -0.0124152 0.042455 5.36364 3.02933 0.000754314 -1.42486e-006 0.634971 0.732143 0.875 0.926055 1.41497 0.0384615 83.5385 0.0573913 0
212.533 8.63406 -0.163658 3.25022 215.086 8.8002 0.0207596 -0.0506699 5.45882 1.15694 -0.00221788 0.00046758 0.255919 0.433517 0.424235 0.827166 1.97705 0.011972 73.2439 0.0798737 0
224.094 21.098 -0.328431 2.05127 226.202 20.7278 -0.0052814 0.00375919 4.66071 1.50159 5.48107e-005 -1.9178e-006 0.287424 0.499107 0.485093 0.761554 2.11241 0.00909424 58.75 0.117802 0
228.917 36.1489 -2.6174 10.0551 231.5 35.8732 -0.0203293 0.0866416 5.06667 2.59401 0.000766187 -3.10641e-006 0.745752 0.671429 0.714286 0.971392 1.47836 0.0346021 71.6471 0.108868 0
212.855 8.72782 -0.241151 3.63074 215.217 8.73534 0.00213068 -0.0858378 5.10638 1.55514 -0.00343343 -3.7744e-005 0.189407 0.333354 0.471492 0.714874 2.02718 0.0104154 58.0112 0.125372 0
230.667 23.1116 -1.55265 5.42266 232.556 22.7585 -0.00897517 0.00401379 4.18519 1.63383 0.000267746 -2.92213e-005 0.88119 0.925 0.8 1 0.827832 0.15625 14 0.321463 0
223.405 21.7304 -0.300177 2.07527 225.693 21.4204 -0.00559801 -0.000129482 4.7878 1.47709 -5.35641e-005 9.31399e-006 0.208935 0.384793 0.704066 0.67029 2.14366 0.00846174 58.6316 0.0998785 0
217.522 34.9925 -1.71873 7.0643 220.389 34.7754 -0.0190077 0.0620163 5.84444 2.26525 0.000392326 2.38223e-005 0.638663 0.645911 0.705478 0.954797 1.42251 0.0401235 58.6667 0.159082 0
211.883 8.62717 0.0415854 3.92285 214.137 8.60534 0.0195652 -0.0458295 5.3125 1.39278 -0.000154187 -0.000134053 0.212693 0.319671 0.43339 0.817408 2.02784 0.0104376 56.4486 0.155196 0
205.594 16.9556 -0.0712836 2.04811 208.781 17.1842 0.0134093 0.00644383 6.875 0.892679 4.17365e-005 -1.18253e-008 0.523034 0.597222 0.555556 0.924359 0.778151 0.166667 83 0.0129887 0
223.329 22.2208 -0.45524 2.21483 226.1 22.2066 -0.00616473 -0.00218741 5.42143 1.21538 -2.41535e-005 8.11782e-006 0.270942 0.487325 0.502477 0.746791 2.15474 0.00801766 61.1342 0.12789 0
228.4 40.3222 -2.39756 7.91581 230.836 39.9813 -0.0171961 0.0608412 5.6 2.88318 0.000740077 -7.54391e-006 0.631903 0.648438 1 0.921383 1.32235 0.0502959 87.0769 0.0322362 0
210.06 7.88943 -0.0653992 3.16337 212.533 7.83468 0.0305051 -0.010248 5.44667 1.01677 -0.00121371 -2.79322e-005 0.18787 0.383868 0.347675 0.815007 1.74544 0.0203813 68.359 0.116642 0
224.324 22.1421 -0.575262 2.50066 227.054 22.0931 -0.00497598 -0.0126454 5.28571 1.33917 4.66257e-005 2.72853e-005 0.310513 0.515141 0.487297 0.785725 2.032 0.0111213 61.5051 0.0832468 0
203.273 16.7138 -0.107934 2.03362 206.273 16.7138 0 0 6.21212 0.590715 2.96588e-007 4.26846e-007 0.74338 0.8 0.6 0.987954 0.30103 0.5 64 0.0153846 0
221.157 47.519 -1.92279 5.67756 223.588 47.1369 -0.0134098 0.0381313 5.2549 3.40613 0.000588479 -6.11197e-007 0.484746 0.660714 0.875 0.823313 1.37678 0.0444444 76.3333 0.132815 0
212.69 8.61731 0.0286426 3.08744 215.044 8.92187 0.0586426 -0.0292195 5.69469 1.78976 -0.00371898 2.53191e-005 0.217273 0.376565 0.498458 0.769665 2.03553 0.010048 54.703 0.13986 0
221.237 23.3923 -0.358053 2.21055 223.504 23.1721 -0.00443738 -0.0112675 4.86016 1.46335 1.33891e-006 9.19564e-006 0.296335 0.514568 0.558178 0.754151 2.08594 0.00934028 59.6833 0.124229 0
222.107 30.3707 -0.973773 2.8136 224.893 30.1536 -0.0106878 0.0121374 6.32143 1.67019 5.75768e-005 -1.8632e-006 0.840861 0.78 1 0.985242 0.778151 0.166667 35.6667 0.183552 0
223.907 44.9252 -2.10715 6.67941 226.074 44.8701 -0.0124425 0.0502995 4.68519 2.53731 0.00027866 -8.27537e-006 0.65055 0.640625 1 0.921336 1.38265 0.0433673 70.5 0.138786 0
213.897 9.79592 -0.162775 2.81393 215.915 10.1302 0.0161036 0.0205313 5.23162 1.77442 -0.00103983 -0.000115548 0.291757 0.475912 0.527132 0.807087 2.0967 0.00933273 51.6774 0.110449 0
222.273 23.1917 -0.376696 2.24305 223.911 22.9188 -0.0230638 0.0324079 4.99765 2.16333 0.000141429 2.07868e-005 0.257364 0.467268 0.467699 0.767236 2.14462 0.00836486 57.9124 0.165773 0
230.246 34.8452 -2.57852 9.62098 232.967 34.668 -0.012566 0.0525934 5.27869 2.46371 0.000858203 4.74352e-005 0.80852 0.75 1 0.97503 1.48941 0.0339506 93.0556 0.041488 0
204.629 16.5064 0.0600402 2.36032 207.629 16.5064 -1.2039e-015 -6.30607e-014 6.11429 0.574279 -1.29533e-006 4.05791e-007 0.745829 0.728571 0.7 0.965622 1 0.1 84.4 0.0251885 0
209.708 9.3468 -0.281783 2.84972 211.779 9.12912 -0.00729817 -0.0813596 5.20779 1.12628 -0.000283742 -0.000128317 0.237154 0.422755 0.630924 0.699438 1.8787 0.0142318 72.3333 0.119109 0
226.176 22.311 -0.58608 2.44752 228.176 22.0823 -0.0251821 0.0508765 4.57233 1.88992 0.000172784 7.18835e-006 0.292322 0.482011 0.53883 0.780346 2.08694 0.0094 55.2 0.150468 0
232.125 30.541 -2.18568 7.24032 234.661 30.2296 -0.0210121 0.0722603 5.03571 1.97271 0.000288015 -2.93952e-005 0.523704 0.648438 1 0.851925 1.36115 0.0459184 70.0714 0.0358413 0
208.828 15.1067 -0.33423 1.96346 211.828 15.1067 8.02136e-015 -6.28386e-014 6.06897 0.520678 8.6622e-006 1.15523e-006 0.80405 0.759259 0.666667 0.985925 0.60206 0.25 53 0.0253283 0
211.468 9.71469 0.183745 2.71664 213.55 9.44805 -0.0486691 -0.0195119 5.62162 1.47992 -0.00179494 -0.00014824 0.182579 0.347491 0.479845 0.71117 1.99138 0.0112 51.9333 0.169805 0
225.57 22.6818 -0.624695 2.38408 227.723 22.5255 -0.0143978 0.0201865 5.21495 1.63696 -2.63137e-005 1.26473e-005 0.307963 0.490263 0.461851 0.780454 2.08579 0.00900179 49.8835 0.114854 0
231.083 33.0809 -2.4605 8.70552 233.85 32.9317 -0.0104287 0.0401791 5.13333 1.82087 0.000303733 1.62865e-006 0.452125 0.611111 0.625 0.820929 1.49606 0.032872 74.3529 0.0857919 0
204.806 19.7524 -0.0115827 1.77895 207.806 19.7524 0 0 6.16667 0.645497 -2.80159e-006 3.16138e-007 0.668164 0.662338 0.636364 0.963074 0.778151 0.166667 118 0.00982123 0
214.378 10.1919 -0.12186 2.69859 216.151 10.1165 0.0570511 0.0318772 4.34173 1.42755 0.000178506 -0.000134864 0.308134 0.475494 0.462657 0.83362 2.05035 0.0100882 38.8505 0.221707 0
229.308 21.1175 -1.05521 3.60523 231.643 21.1649 -0.0182015 0.0232528 4.96617 1.71974 0.000248157 -3.82547e-006 0.246432 0.502253 0.442987 0.722446 1.9915 0.011777 52.8228 0.165234 0
218.857 34.6667 -1.85852 7.9452 221.59 34.4062 -0.0205177 0.0766914 5.51429 2.41469 0.000712653 0.000130716 0.653241 0.659828 0.613451 0.948531 1.5799 0.0288462 70.4615 0.142712 0
205.556 19.1898 0.206485 1.69014 206.556 19.1898 -3.09475e-015 -3.36398e-014 3.63889 0.480323 -6.15346e-006 -6.98062e-008 0.719227 0.742857 0.7 0.961132 0.752575 0.1875 91 0.0112719 0
212.477 8.1308 -0.0164632 2.27936 213.523 8.16007 0.0256312 0.0151524 4.26744 1.10416 0.000793237 -4.44489e-005 0.269585 0.452892 0.418848 0.843675 1.83034 0.0154504 60.7692 0.188192 0
229.282 30.6443 -1.91169 5.56484 230.359 30.6916 -0.00267808 0.0157662 3.12821 1.48806 9.88995e-005 -5.88352e-006 0.411679 0.67389 0.255814 0.96679 1.02901 0.0972222 41.8333 0.197931 0
224.85 23.5372 -0.832468 2.83958 227.455 23.2711 -0.0115662 0.00858953 5.88412 1.51653 0.000141776 2.01679e-005 0.182922 0.401037 0.456859 0.66771 2.01457 0.0108481 55.0513 0.142304 0
230.308 31.5028 -1.96712 6.99398 231.385 31.0997 -0.0241779 0.124457 3.23077 1.8378 0.000240338 -2.00202e-005 0.580737 0.611111 0.555556 0.931389 1.46752 0.0351563 71.625 0.0724314 0
211.108 8.61102 -0.363912 3.39585 214.108 8.65338 0.00204346 -0.0192273 6.25806 0.808599 4.41405e-005 0.000187497 0.275983 0.385586 0.460484 0.790509 1.98372 0.0115132 59.8289 0.139324 0
228.148 23.4713 -0.707598 2.29233 229.13 23.3778 -0.0098862 0.00700813 3.27778 0.755637 2.49333e-005 1.36393e-006 0.430277 0.647275 0.339623 0.93796 1.31506 0.0495868 69.1818 0.127403 0
234.902 15.7524 -0.74171 2.38004 236.634 15.4142 -0.0257929 0.0928801 3.87805 1.46828 0.000460327 -2.79881e-005 0.471637 0.663024 0.295082 0.968578 1.25527 0.0555556 77.1111 0.0918158 0
226.595 24.8093 -0.966675 3.15343 228.577 24.4622 -0.00724617 -0.00609806 4.75225 2.09178 0.000324424 -2.75182e-006 0.385529 0.595711 0.623316 0.813057 2.02711 0.0103349 57.9747 0.153932 0
233.364 26.8059 -1.94804 7.17383 234.127 26.6199 -0.0153015 0.0567928 2.21818 1.28899 9.50693e-005 -1.28585e-005 0.564868 0.610294 0.470588 0.980839 1.22182 0.0617284 70.6667 0.151313 0
214.672 10.3057 0.17033 2.53358 217.15 10.4217 0.0083975 -0.00363361 5.74847 1.22271 -0.000597706 0.00014933 0.160069 0.348819 0.406449 0.710715 2.14579 0.00808673 39.7214 0.139147 0
238.44 14.5274 -0.63983 2.25594 239.32 14.3978 -0.0106911 0.00882062 2.82 0.792212 -0.000161154 3.55063e-005 0.527858 0.739583 0.333333 0.98053 1.18838 0.0679012 72.8889 0.0216366 0
231.224 23.1096 -1.65001 5.78292 232.796 22.8133 -0.0162446 0.0302294 3.77551 1.89807 0.000542811 -8.04449e-005 0.542048 0.729167 0.333333 0.973836 1.25478 0.0590278 36.5 0.182863 0
227.432 25.0952 -1.06511 3.43136 229.124 24.6697 -0.00874828 0.00581656 5.05983 2.0435 8.34049e-005 9.78117e-007 0.232167 0.432538 0.518444 0.705354 2.02997 0.0101607 51.8587 0.140457 0
226.145 27.1086 -1.11106 3.72081 227.884 27.0392 0.0158676 -0.0638401 4.17391 1.65902 0.000104676 8.65548e-007 0.372915 0.511637 0.629213 0.831977 1.5481 0.0290859 53.2105 0.184625 0
212.273 9.25979 0.023594 2.39261 214.739 9.2257 0.0273072 0.0456677 5.31818 1.09799 -0.000916768 2.91421e-005 0.192276 0.366212 0.516371 0.676259 1.78621 0.018 65.34 0.141198 0
230.558 22.287 -1.39398 4.36912 233.404 22.1388 -0.0132133 0.0265352 5.13462 1.19339 5.05181e-005 6.39621e-006 0.555716 0.690909 0.454545 0.944979 1.36866 0.0443787 66.3846 0.0771237 0
239.459 12.744 -0.349061 1.75093 241.595 12.2242 -0.0250288 -0.00720697 4.62162 1.8795 -0.00162453 0.000524787 0.37939 0.652778 0.25 0.952041 0.60206 0.25 14.5 0.119231 0
229.799 23.7982 -1.27584 3.85769 231.358 23.7873 -0.0159961 0.0405663 4.0098 1.90456 0.000576484 2.1519e-005 0.330416 0.597279 0.640684 0.793958 1.9618 0.0115898 55.5238 0.152562 0
224.557 32.396 -1.5563 5.75235 225.714 32.1453 -0.0171981 0.0780921 4.34286 1.76381 0.000115771 -1.34398e-005 0.327531 0.53454 0.673684 0.78987 1.49606 0.032872 69.1176 0.0603703 0
212.214 9.13324 0.155413 2.69122 214.51 8.87814 -0.0244615 0.113391 5.09048 1.2214 -0.00120775 -0.000138053 0.266432 0.406586 0.521756 0.798392 1.96591 0.0122452 56.2564 0.127082 0
230.078 23.4804 -1.09616 3.13042 233.216 22.9221 -0.0200128 0.0369162 5.88235 2.14793 0.000441443 -3.01809e-005 0.48678 0.818182 0.363636 0.945651 1.30103 0.05 101.8 0.0621215 0
230.645 23.8029 -1.37168 4.38659 232.525 23.7407 -0.028305 0.0795509 5.45622 2.80703 0.00178406 1.66223e-006 0.368182 0.630984 0.645237 0.812193 1.96328 0.0123556 53.3867 0.136282 0
221.615 36.2248 -1.10724 3.1133 222.885 35.5041 -0.00828408 0.0231344 4.42308 2.16924 0.000132766 -3.36993e-006 0.230201 0.430384 0.792079 0.715904 1.50613 0.0324074 56.7778 0.146851 0
230.69 24.7141 -1.54776 4.94695 233.31 24.6948 0.00519008 -0.0388988 4.97619 1.81905 0.000336373 -5.09309e-006 0.409475 0.587097 0.322581 0.950234 1.06012 0.0918367 87.5714 0.0872885 0
211.862 8.81686 0.28863 2.65939 214.171 8.62282 -0.0343042 -0.0505125 5.45935 1.51294 -0.00269514 7.44769e-005 0.131222 0.272971 0.454917 0.72431 2.0496 0.00980624 44.663 0.174404 0
231.653 22.4227 -1.27558 4.08067 232.853 22.3364 -0.00587224 0.00411899 4.44889 1.94326 0.000657009 2.95529e-005 0.365048 0.639794 0.620425 0.795206 2.00352 0.0109072 52.5263 0.129361 0
226.543 28.7381 -1.46372 4.7171 228.786 28.5572 -0.000348585 -0.0188457 4.44286 1.9974 0.00026378 -2.68444e-005 0.72978 0.791399 0.641399 0.988604 1.43698 0.0377778 65.4667 0.0234154 0
225.923 32.7166 -1.66702 5.03275 228.333 32.5319 -0.00448579 0.000644104 4.5641 2.16966 0.000248177 -1.87344e-005 0.32607 0.600943 0.235849 0.94222 0.752575 0.1875 0.5 0.75 0
212.534 7.27222 0.571308 3.04541 214.841 7.31575 -0.0115204 -0.134228 5.25568 1.11165 -0.00327714 0.000334441 0.235273 0.323064 0.542933 0.705489 1.92487 0.0126193 47.0351 0.155438 0
222.717 23.1532 -0.827133 2.96066 223.696 23.1243 -0.00263813 0.00141934 3.32609 0.553815 1.05882e-005 5.18799e-008 0.340378 0.554545 0.454545 0.883048 1 0.1 54.2 0.129224 0
231.531 37.7019 -2.30017 7.576 233.594 37.1575 -0.0253167 0.0952349 4.0625 2.8607 0.000635905 -7.20392e-005 0.845837 0.821429 0.571429 1 0.978838 0.111111 85.1667 0.171982 0
229.25 22.4976 -1.29166 4.0658 231.495 22.5702 -0.0102821 0.0102669 4.81364 1.87733 0.00030775 -4.11809e-005 0.377853 0.609692 0.600361 0.809709 1.95377 0.0130671 58.9744 0.100577 0
229.381 26.5778 -1.68115 5.29322 232.452 26.5493 -0.00780408 0.0154082 5.71429 1.62255 5.7234e-005 -6.01141e-007 0.387276 0.51282 0.327731 0.948727 1.10312 0.0816327 106 0.152859 0
233.571 31.4627 -2.70366 9.79133 236.229 31.2612 -0.0153492 0.0622106 5.11429 2.01099 0.00046318 -3.38857e-005 0.81306 0.892857 0.571429 1 0.978838 0.111111 65.3333 0.0237073 0
212.113 8.88979 -0.0233157 3.81679 214.381 8.96435 -0.0384202 -0.0746877 5.46907 1.35904 -0.000633346 -0.000550834 0.219892 0.390435 0.440171 0.799715 2.00461 0.0110937 52.125 0.170754 0
208.022 6.24852 -0.85752 3.58587 210.622 6.16185 0.079301 -0.0377147 5.82222 1.38707 0.00799729 -0.000735534 0.365938 0.62 0.25 0.960663 1.62338 0.0251479 37.7308 0.170084 0
230.461 23.8789 -1.25968 3.96564 232.078 23.7319 -0.0166283 0.045201 4.15982 1.8646 0.000325907 -3.22534e-005 0.392698 0.607231 0.551656 0.83032 1.9885 0.0115056 60.4359 0.138278 0
225.592 28.8302 -1.44684 4.93144 228.306 28.563 -0.0183504 0.0466612 5.32653 2.02422 0.000274177 -8.00536e-006 0.413562 0.629 0.3125 0.934495 1.18062 0.07 59.8 0.0931232 0
212.02 8.57034 -0.0145403 2.95431 214.618 8.72993 0.0180591 -0.0449128 5.84146 1.14554 -0.0016778 0.00068104 0.192113 0.34542 0.546858 0.76123 2.03859 0.0104071 58.2727 0.111746 0
206.298 7.86278 0.124196 2.03451 207.649 7.5869 0.00614665 0.0023765 4.94737 1.35622 -0.00198342 1.56291e-005 0.296918 0.472384 0.27907 0.916106 0.90309 0.125 128.5 0.0102149 0
233.676 30.9368 -2.60112 9.90074 235.865 30.4268 -0.0409359 0.178206 5.02703 2.70621 0.00107992 -0.000150394 0.812685 0.946429 0.571429 1 1.20412 0.0625 73 0.0289247 0
228.42 24.2667 -1.28705 4.29532 230.509 23.9755 -0.0165665 0.0371354 4.28761 1.83417 0.000215637 -3.0464e-005 0.382972 0.62777 0.50433 0.82103 1.99949 0.0108025 54.7778 0.135312 0
226.231 23.6005 -1.18988 4.36649 228.654 23.7737 -0.013124 0.000879273 4.84615 1.34999 2.60729e-005 4.76326e-006 0.269044 0.437249 0.289157 0.924605 0.778151 0.166667 44.3333 0.0326819 0
203.647 8.41875 -0.547881 2.66648 206.647 8.41875 -4.2355e-014 2.74669e-013 6.14706 0.354165 9.45892e-005 3.61115e-006 0.314424 0.388889 0.666667 0.872999 1.25527 0.0555556 86.6667 0.0852964 0
238.194 20.4362 -1.30196 3.65287 240.29 19.7585 -0.0365923 0.0903632 3.77419 2.25345 0.000495358 -0.000141957 0.809061 0.733333 0.833333 0.976734 1.07918 0.0833333 56.6667 0.175746 0
210.757 8.54908 -0.0650746 2.50954 213.576 8.67834 0.00456713 0.0477903 5.85417 1.0067 -0.000639205 0.00027278 0.284897 0.444767 0.649167 0.79403 1.65797 0.0249023 60.7813 0.181166 0
227.949 24.879 -1.21234 3.88414 229.061 24.7369 -0.00819287 0.0178976 4.72449 2.45274 0.000994445 1.74989e-005 0.367121 0.58448 0.467619 0.835097 1.88535 0.0142149 66.4364 0.135546 0
226.532 20.2283 -0.798922 2.7909 229.447 20.1228 -0.00967154 0.00633075 5.31915 0.877772 -1.05834e-005 6.68562e-006 0.228888 0.404213 0.30137 0.879525 0.60206 0.25 82 0.0126428 0
209.817 7.17058 0.410569 2.45216 212.718 6.91637 -0.0612436 -0.11221 6.07042 1.31432 -0.0035546 0.000844943 0.260402 0.397036 0.382609 0.865571 1.55743 0.0304 64 0.18478 0
213.503 9.80801 0.303573 3.07521 216.185 9.87984 -0.0237728 -0.000770792 5.56085 0.938732 -0.000742768 6.16397e-005 0.372382 0.467099 0.534029 0.859814 1.80871 0.0167901 56 0.107747 0
227.358 27.5217 -1.27179 3.89645 228.52 27.2165 -0.00709885 0.0155941 4.04412 1.91307 0.000349314 -2.19671e-006 0.356951 0.587089 0.474009 0.813124 1.93501 0.0130319 58.6418 0.110271 0
230.855 17.7174 -0.664401 2.60725 233.709 17.533 -0.0179813 0.00974161 5.63636 1.90085 0.000596517 0.000353821 0.306154 0.529709 0.268868 0.923558 0.827832 0.15625 3.5 0.45 0
210.224 8.39661 0.218111 2.2762 213.435 8.25825 0.0101452 -0.0234565 7.04706 0.931866 0.000284074 4.78162e-005 0.16209 0.332353 0.294118 0.808996 1.71609 0.0212245 52.2571 0.285085 0
209.595 8.29347 -0.596628 3.26641 212.27 8.54764 -0.0371299 0.0784869 5.43243 1.34648 -0.00258168 0.000485147 0.340169 0.564383 0.336898 0.887651 1.59732 0.026465 58.6522 0.137572 0
229.469 39.5585 -2.35586 7.93544 232.438 38.9599 -0.0278962 0.10757 6.15625 4.03198 0.00166036 -0.000179307 0.845837 0.821429 0.571429 1 1.07918 0.0833333 72.6667 0.108501 0
209.675 6.85707 -0.177524 2.04245 212.275 6.62566 -0.0156 -0.0187907 5.525 0.974359 -0.00241748 0.000490858 0.515182 0.555966 0.75 0.905744 1.41497 0.0384615 87 0.0648769 0
227.077 27.1593 -1.23169 3.72749 228.174 27.0442 -0.0122425 0.0303278 3.57971 1.66294 0.000234336 3.29415e-007 0.542574 0.641189 0.513074 0.948481 1.97827 0.0122656 58.325 0.123345 0
228.873 24.05 -1.09379 3.25708 231.764 23.8571 -0.010149 0.0219257 5.47273 1.45045 6.96091e-005 9.80921e-006 0.42043 0.696429 0.285714 0.941036 1.33004 0.0486111 73 0.0423863 0
207.116 7.44971 0.636371 2.85536 209.744 7.64957 -0.0169867 0.0566015 5.62791 0.778288 -0.00119074 4.32161e-005 0.449184 0.670455 0.363636 0.942326 1.20412 0.0625 44.75 0.136375 0
225.963 26.0722 -1.17967 3.73606 227.428 26.0101 -0.0128592 0.0301825 4.09626 1.60924 0.000159752 -3.47864e-006 0.489442 0.665203 0.428939 0.908795 1.92132 0.0133582 61.7966 0.185286 0
231.333 32.9377 -1.83817 5.65544 233.485 32.3664 -0.026955 0.0863352 4.09091 2.62117 0.000475854 -7.22866e-005 0.745752 0.671429 0.714286 0.972711 1 0.1 98 0.0517262 0
207.728 8.4752 -0.300655 2.86512 209.466 8.39072 -0.0328652 0.0737341 4.61165 1.10807 0.000599883 -0.000193487 0.310068 0.469138 0.375043 0.874329 1.58397 0.0286458 70.7917 0.0696628 0
219.741 29.7204 -0.625154 2.83902 220.63 29.59 -0.00625097 0.00816334 2.96296 1.45249 3.18367e-005 -4.99411e-007 0.79774 0.74 1 0.982947 1.07918 0.0833333 37.8333 0.0670348 0
216.667 7.48826 -0.133464 1.89282 219.568 7.39693 -0.00229843 0.0118453 6.93827 1.35488 1.51767e-005 0.00263972 0.243028 0.416667 0.326087 0.838326 1.81853 0.0164399 44.5238 0.153319 0
228 23.0236 -1.17035 3.89358 230.87 22.8888 -0.0109007 0.0198695 5.28261 1.13565 3.60644e-005 8.3897e-007 0.357828 0.613777 0.279412 0.93714 1.25527 0.0555556 94.7778 0.0954804 0
233.225 20.5566 -1.89111 6.93378 234.525 20.2077 0.0173738 -0.0875364 3.45 1.28355 0.000467081 -4.68825e-006 0.402664 0.565217 0.310811 0.960255 1.07918 0.0833333 81 0.0482761 0
232.481 20.9617 -1.56616 5.49959 235.008 20.7707 -0.040502 0.150652 6.15038 1.91353 0.000673768 -7.93356e-005 0.557962 0.727336 0.371906 0.958912 1.83827 0.0153061 49.1667 0.19955 0
212.749 9.02142 -0.178913 2.97341 214.888 8.91452 -0.0307161 0.045201 5.39037 1.559 -0.00119429 -0.000332555 0.381056 0.523753 0.487133 0.855236 1.90043 0.0138843 57.3636 0.19008 0
234.846 15.256 -0.600683 2.10976 237.596 14.9772 -0.0228277 0.0112305 4.98077 1.11787 -0.00031773 0.000110265 0.47418 0.580288 0.359712 0.974378 1.41692 0.04 47.8 0.115433 0
210.286 8.30458 -0.277855 2.04937 213.286 8.30458 -2.19269e-014 2.15827e-013 6.07143 0.257539 5.37751e-005 4.63735e-006 0.586831 0.616162 0.818182 0.919833 1.48941 0.0339506 82.5 0.126414 0
206.423 7.81602 -0.338067 2.06027 209.423 7.81602 0 0 6.34615 0.584565 0.000380644 3.26141e-005 0.583931 0.609375 0.5 0.947507 1.18838 0.0679012 111.222 0.0351241 0
226.5 21.7229 -0.987293 4.05218 228.818 21.3906 -0.0137097 0.0130485 4.95455 1.74453 1.83788e-005 -6.09861e-006 0.4924 0.635417 0.333333 0.97582 1.06012 0.0918367 38.7143 0.145055 0
219.399 6.83611 -0.194473 3.3174 222.268 6.86362 -0.0689254 0.16051 6.13043 1.1723 0.00209762 0.00182054 0.252382 0.392858 0.513799 0.817225 1.79802 0.0183133 41.7018 0.222036 0
234.757 21.9716 -1.80489 6.29093 237 21.535 -0.026345 0.10263 5.81081 2.02468 0.000898177 -0.000124805 0.353734 0.613636 0.338462 0.852477 1.57114 0.0283554 81.2174 0.0705722 0
214.313 9.13699 -0.210183 3.23646 215.817 9.45247 0.00212652 -0.0534277 4.81739 1.51274 -0.000714534 -0.000435716 0.389406 0.558642 0.5 0.854065 1.87862 0.0142598 56.1064 0.0726204 0
225.524 25.486 -1.0308 3.42854 228.452 25.412 -0.0047963 0.00790131 5.40476 1.13514 3.01276e-005 1.5683e-006 0.31212 0.535077 0.333333 0.873443 1.14613 0.0714286 77 0.108914 0
231.552 36.5632 -2.32214 7.44538 233.793 36.1256 -0.0210785 0.0742155 4.48276 2.4722 0.000447559 -4.01546e-005 0.73551 0.714286 0.571429 0.984252 0.778151 0.166667 155 0.00695316 0
206.956 6.16065 0.601826 2.46342 210.667 5.99259 0.00728258 -0.0853114 6.88889 1.23328 0.000804813 -0.000643961 0.57326 0.8 0.4 0.95358 1.14613 0.0714286 104.714 0.0913991 0
208.1 7.3727 -0.511554 2.48947 211.1 7.3727 0 0 6.03333 0.179505 4.12134e-005 4.4883e-006 0.65055 0.633636 0.568182 0.970359 0 0 0 0 0
231.361 18.1079 -1.20046 4.61877 234.361 17.8934 -0.023981 0.083951 5.52778 1.09255 0.000249405 -7.45115e-006 0.412031 0.69697 0.272727 0.956207 0.60206 0.25 17 0.0692308 0
220.189 6.04862 -0.736695 2.71612 222.811 6.36221 -0.0128421 0.100629 5.32432 1.01486 -0.00116344 0.000234984 0.271502 0.383421 0.384106 0.896833 1.29919 0.0532544 37.0769 0.142539 0
236.814 20.9604 -1.62958 4.94709 237.644 20.8186 -0.0129379 0.0311733 4.0678 1.31309 0.000125148 -1.01373e-005 0.299243 0.617187 0.195122 0.946623 1.28769 0.053719 100.364 0.0738391 0
212 8.30508 0.285762 2.6158 213.427 8.60165 0.0342981 -0.0275044 5.29915 1.98397 0.00267311 0.00130021 0.0775484 0.234795 0.409236 0.613041 1.79349 0.017551 54 0.144121 0
227.42 22.4803 -0.789175 3.26117 230.14 22.1612 -0.0225902 0.0360308 5.1 1.66433 -0.000179621 3.78176e-005 0.366529 0.484862 0.40566 0.934383 1.38265 0.0433673 61.6429 0.12699 0
206.904 7.32818 -0.3736 2.47366 208.096 7.51475 0.0248341 -0.0190183 4.13462 0.651296 0.000761796 0.000126552 0.618816 0.669643 0.464286 0.964089 1.14613 0.0714286 95.7143 0.0168992 0
230.289 19.0773 -0.76298 3.1774 232.947 18.6829 -0.0329573 0.0489669 4.94737 1.39449 -0.000203176 4.4506e-005 0.447859 0.757576 0.272727 0.956821 0.90309 0.125 23.5 0.188462 0
237.7 17.0245 -0.940244 2.51473 238.575 16.904 -0.00926564 0.00861389 3.675 1.33954 0.0002429 3.81486e-006 0.441747 0.722222 0.266667 0.965691 1.66615 0.0228928 65 0.0948991 0
211.513 8.24246 0.0545637 3.1686 213.136 8.12889 -0.0253041 0.0191828 4.2987 1.45106 -0.000674994 -0.000687923 0.239467 0.443471 0.411314 0.798603 1.86372 0.0147855 62 0.112288 0
224.056 27.987 -0.621203 1.94621 225.361 28.2844 -0.0110512 0.0067733 3.83333 1.34371 -9.86069e-006 6.70689e-006 0.286143 0.551282 0.230769 0.906375 0.30103 0.5 16 0.0588235 0
226.967 25.1985 -0.688368 2.50352 228.267 24.889 -0.0304377 0.0545124 3.13333 1.87498 0.000131863 -4.41863e-006 0.846454 0.84 1 0.985732 0.939794 0.12 36.2 0.232791 0
219.194 26.3725 -0.261281 1.79327 221.161 25.8969 0.000716137 -0.00479935 4.70968 1.61032 4.42164e-005 -1.88215e-006 0.580914 0.65625 0.5 0.932595 0.60206 0.25 148 0.00748857 0
229.75 19.3956 -1.11776 4.01691 232.5 19.1037 -0.0325723 0.0510375 5 1.30384 -0.000117597 3.64599e-005 0.427148 0.722222 0.25 0.987026 0.677808 0.222222 32.3333 0.357006 0
210.097 8.17067 -0.37292 2.82493 212.255 8.14517 0.0153462 -0.0481322 4.8502 1.5422 -0.00165021 -0.000194188 0.290939 0.452679 0.317139 0.901017 1.92593 0.0131685 62.459 0.125665 0
240.4 12.8908 -0.685061 2.01478 242.933 12.4444 -0.0319651 0.0250804 4.43333 1.60589 -0.000692116 0.000246317 0.846454 0.875 0.666667 1 0.90309 0.125 63.75 0.138227 0
235.538 20.8149 -1.7799 6.52935 236.912 20.4728 -0.0488195 0.197134 4.34066 1.61871 0.000193631 -5.20295e-005 0.449709 0.588973 0.368421 0.925139 1.76857 0.0192593 41.1778 0.163488 0
228 25.5282 -1.04826 3.73366 228.844 25.365 -0.0109224 0.0210174 1.9375 1.17094 7.42254e-005 1.1191e-006 0.927069 0.92 1 1 1.14613 0.0714286 51.8571 0.127142 0
224.69 45.3812 -1.86006 5.58782 225.241 45.2774 -0.00571502 0.0150543 2.7931 1.98927 0.000120885 -1.82159e-006 0.673745 0.696429 0.571429 0.974132 0.90309 0.125 101 0.152577 0
222.48 20.6768 -0.427759 2.93908 225.24 20.5062 -0.0140291 -0.00274786 5.28 1.07778 -6.72014e-005 6.88767e-006 0.644918 0.761905 0.428571 0.985732 0.90309 0.125 70.5 0.02365 0
221.138 28.5364 -1.05751 3.59017 223.931 28.3 -0.0165347 0.0225617 5.37931 1.78912 -4.65864e-005 2.3086e-005 0.806147 0.8 1 0.985732 1.14613 0.0714286 55.7143 0.104481 0
227.913 18.7371 -0.346851 2.0646 229.413 18.7043 -0.00654239 0.011981 3.71739 1.17331 8.14171e-005 7.83546e-006 0.442786 0.807692 0.230769 0.966335 0.90309 0.125 9.75 0.381757 0
208.79 8.70602 -0.458176 2.73424 211.758 8.66246 -0.0082241 0.00470416 5.99194 0.430603 -0.000272839 0.00011011 0.482852 0.614734 0.417954 0.925989 1.28769 0.053719 67.3636 0.0415549 0
233.643 21.6546 -1.34637 4.08553 235.202 21.2999 -0.0105082 0.000812368 4.11905 2.03192 0.000771306 -6.17206e-005 0.376429 0.597889 0.314286 0.901066 1.88128 0.0136054 53.0714 0.142363 0
210.538 10.3602 -0.0602844 2.40521 212.347 10.3013 -0.00760755 -0.00178824 4.69068 1.32195 -0.000167652 -5.44221e-005 0.34897 0.49654 0.427414 0.886041 1.81515 0.017301 73.9804 0.122166 0
224.076 25.8212 -0.678357 2.38964 225.803 25.2426 -0.0192296 0.0123116 4.13636 1.76572 9.42641e-005 -8.99053e-007 0.290213 0.416667 0.75 0.801332 1.32149 0.0533333 79.6667 0.137704 0
226.06 13.5326 -0.274493 3.07695 226.597 13.482 0.0157653 -0.0380441 3.07463 0.581132 -6.94059e-006 2.76951e-006 0.256314 0.5625 0.2 0.919265 1.2297 0.0625 126.417 0.00885817 0
237.273 19.7856 -0.971451 2.33464 239.091 19.3381 -0.0292865 0.0484179 3.72727 1.84675 9.61046e-005 1.48385e-005 0.745752 0.688793 0.689655 0.967467 1.07918 0.0833333 55.3333 0.0920901 0
231.286 23.3494 -1.28449 4.08605 232.59 23.1096 -0.02476 0.0789763 6.29524 2.3621 0.000418705 -8.87965e-005 0.356471 0.578871 0.275481 0.935914 1.68784 0.0216667 60.2667 0.107145 0
225.031 26.53 -1.17086 3.81503 227.844 26.3345 -0.0139465 0.0236269 5.8125 1.66654 9.92461e-006 2.49182e-005 0.927069 0.92 1 1 1.14613 0.0714286 40.2857 0.0853985 0
210.163 10.6928 -0.408288 3.00939 212.089 10.9337 0.0226316 -0.0270723 4.94643 1.76984 2.36084e-005 -0.0002984 0.176067 0.39951 0.359964 0.771926 2.02811 0.0106985 47.6602 0.159514 0
229.163 23.4341 -1.05182 3.26105 231.918 23.126 -0.0194291 0.0344238 5.32653 1.55692 7.3367e-005 2.39646e-006 0.484956 0.605263 0.394737 0.962805 1.41692 0.04 71.6667 0.17773 0
229.231 12.3725 -0.467122 2.91866 230.308 12.4748 0.0135476 -0.00951715 3.24176 0.617344 0.000220298 3.16297e-005 0.31439 0.475 0.35 0.908885 1.68062 0.0234131 69.4839 0.0639922 0
229.202 25.0615 -1.0616 3.4616 230.303 24.9334 -0.0131458 0.0282506 2.91597 1.72758 0.000270773 -4.29817e-006 0.432947 0.633536 0.312085 0.953256 1.7962 0.0173067 61.1163 0.170096 0
210.926 9.84956 -0.0665742 2.60806 213.074 9.5741 -0.0154828 0.00518973 5.04823 1.59811 0.000442634 8.76092e-005 0.247009 0.401333 0.437113 0.819057 1.95603 0.0129677 53.6905 0.10337 0
228.738 21.5827 -0.497738 1.90515 230.405 21.4931 -0.00470902 -0.0133678 4.40476 1.78698 0.000222438 6.10238e-006 0.327257 0.555645 0.322581 0.867293 1.30103 0.05 84.1 0.0829503 0
229.921 10.3043 -1.0559 3.6163 232.605 10.2663 0.0225655 -0.0343748 4.92105 0.928541 1.92119e-005 -1.08916e-005 0.44856 0.599048 0.396825 0.917757 0.60206 0.25 184.5 0.00566067 0
229.402 25.683 -1.30486 3.89692 231.054 25.6354 -0.028607 0.0676967 4.00893 1.54397 0.000126669 -5.42567e-006 0.387384 0.582527 0.319823 0.920049 1.80368 0.0166568 61.3171 0.15773 0
236.477 16.6685 -1.2928 4.33115 239.045 16.2466 -0.0481351 0.10421 5.02273 1.65816 0.000182688 -3.70355e-005 0.392129 0.583152 0.2875 0.960269 1.14613 0.0714286 103.714 0.0141225 0
224.5 45.8019 -2.00811 6.36587 226.625 45.2471 -0.0194858 0.0680997 4.5625 3.5614 0.000749582 -2.57165e-005 0.658794 0.638639 0.72973 0.960969 1 0.1 84.2 0.117236 0
212.898 8.83926 0.05066 2.854 215.163 8.64291 -0.028937 -0.0523399 5.15918 1.52636 -8.28666e-005 -0.000380005 0.319406 0.495075 0.421145 0.850608 1.99138 0.0115556 74.6 0.0796724 0
226.655 11.3793 -0.238749 2.20797 229.381 11.1493 0.00776205 0.0072335 5.2619 1.24517 -2.54526e-005 8.19763e-005 0.3091 0.423611 0.5625 0.83245 1.68168 0.0236735 66.6857 0.0951234 0
228.829 26.1931 -1.04732 3.28717 230.382 26.1072 -0.0220479 0.0471337 3.63415 1.86656 0.000121447 -1.40883e-005 0.403398 0.583626 0.38084 0.914974 1.76479 0.0196281 55.2273 0.117365 0
237.413 18.206 -1.06186 2.65885 239.674 17.9408 -0.0264427 0.0256199 5.06522 1.72453 8.96726e-006 3.89741e-005 0.557293 0.738636 0.363636 0.977003 1.20559 0.0661157 103 0.108118 0
211.391 9.74426 -0.552071 3.62866 213.778 9.71231 0.0158348 -0.0350825 5.3125 1.14667 -0.000235863 -0.000132904 0.347171 0.471581 0.536891 0.793795 2.04033 0.0105252 53.5208 0.113238 0
222.973 11.922 -0.59595 3.19555 225.838 11.7163 0.00233523 0.0331535 5.55405 1.11673 0.000137056 6.79896e-005 0.444278 0.4876 0.497268 0.925565 1.68039 0.0219976 66.3103 0.0466174 0
229.543 25.9101 -1.45564 4.82377 231.457 26.0301 -0.016787 0.0372916 4.52713 1.96116 0.00019608 -3.13313e-005 0.456656 0.55636 0.441772 0.929482 1.86893 0.0157025 54.4545 0.167389 0
212.626 8.61593 -0.118796 2.35871 214.82 8.66522 0.0295041 0.00805188 5.02844 1.16796 -0.000497192 -0.000117257 0.425737 0.508736 0.504615 0.915444 1.79825 0.018 71.34 0.0635713 0
220.111 13.5942 -0.403332 2.46495 223.111 13.5942 0 0 5.68519 0.502736 1.2612e-006 -3.2618e-007 0.40965 0.584615 0.384615 0.888521 1.36115 0.0459184 126.286 0.0113422 0
231.661 21.7404 -1.40849 4.60179 234.422 21.4494 -0.023699 0.0565774 5.25688 1.89351 0.000186904 -1.12943e-005 0.357409 0.515918 0.43167 0.868567 1.80952 0.0162742 51.2632 0.202196 0
234.462 21.6485 -1.59964 4.98971 236.513 21.3119 0.000167165 -0.00417539 5.12821 1.39926 -4.65616e-006 1.93732e-005 0.387177 0.659229 0.293103 0.956585 0.978838 0.111111 138.5 0.00891541 0
228.25 22.5935 -0.676592 2.05469 230.611 22.2577 -0.003444 -0.00772951 6.02778 1.57208 -7.8317e-005 3.39255e-005 0.439068 0.69697 0.272727 0.980138 0 0 0 0 0
209.801 10.7955 -0.339633 2.83863 212.067 10.7018 0.000283853 -0.0463997 5.41192 1.39717 -9.85433e-005 -0.000154079 0.294533 0.476562 0.423549 0.852481 2.02287 0.0107 65.66 0.114131 0
215.95 14.6144 -0.438086 2.93649 217.917 14.036 -0.00452403 0.0240413 4.63333 1.44875 0.000253333 -9.14272e-005 0.378198 0.575232 0.331126 0.908766 1.33004 0.0486111 105.25 0.0143291 0
232.73 18.5307 -0.85301 2.68726 235.61 18.2437 -0.0229713 0.0258361 6.63121 2.58037 0.00117669 4.61805e-006 0.346223 0.540476 0.336 0.889603 2.02102 0.0105742 57.5217 0.165329 0
238.25 13.2905 -0.926063 3.06647 240.55 12.8685 -0.0519718 0.0316838 5.65 3.0459 0.00772313 -0.00174036 0.483688 0.75 0.25 0.982282 1.14613 0.0714286 16.5714 0.137539 0
225.057 24.7928 -1.26146 4.88084 227.457 25.0432 -0.0268081 0.0651052 4.57143 1.45966 3.99425e-005 -1.29916e-005 0.809221 0.85 0.833333 0.958369 1.25527 0.0555556 36.2222 0.102645 0
211.84 10.5667 0.132765 1.66053 214.84 10.5667 0 0 7.16 0.463033 1.68721e-005 3.85698e-006 0.27744 0.45903 0.294872 0.924048 1.25527 0.0555556 45.1111 0.0955252 0
216.503 10.6951 0.109065 3.26212 218.264 10.6747 0.0181966 -0.0519565 4.47239 1.27415 0.000202051 -0.000170655 0.202016 0.34346 0.334553 0.852294 1.80833 0.0167769 64.7391 0.127256 0
213 7.85445 -0.842479 2.73322 216 7.85445 0 0 6 0 0 0 0.479123 0.555556 0.444444 0.94422 0 0 0 0 0
210.227 9.12505 0.0541724 1.92909 213.477 9.05661 -0.00980426 -0.00712307 6.54545 1.03253 0.000871904 9.52566e-005 0.392615 0.482026 0.653846 0.877435 1.36866 0.0443787 87.6154 0.0606011 0
207.429 44.203 -0.96013 2.65325 210.543 44.1072 -0.0044439 0.0070448 7.14286 2.706 0.000196756 3.81559e-006 0.482951 0.5875 0.625 0.869401 1.20412 0.0625 67.5 0.0606455 0
220.258 11.651 -0.115911 2.74947 221.716 11.6048 0.0137366 0.0139115 4.04978 1.51604 0.00207375 0.000496631 0.317632 0.468946 0.52542 0.800843 2.22349 0.00675093 43.1695 0.125895 0
213.346 8.90848 0.664641 2.96331 214.346 8.90848 4.57412e-014 2.72227e-013 3.68269 0.465428 -0.00010337 -5.01808e-006 0.239768 0.429565 0.575 0.719723 1.92006 0.0126874 37.6667 0.134548 0
220.199 12.9251 -0.0166978 2.65159 221.627 12.9592 0.0435781 0.0140138 3.95139 1.22283 0.000514308 3.18822e-005 0.344611 0.48273 0.563459 0.839688 2.15018 0.00838287 33.2346 0.184787 0
216.284 9.55711 0.103859 2.27161 217.284 9.55711 0 0 3.58108 0.493382 -2.9755e-005 -4.13233e-006 0.286155 0.459821 0.571429 0.806537 1.55158 0.0294785 45.3333 0.0902749 0
215.458 5.36951 -0.453829 2.07169 216.583 5.43459 -0.00375421 0.00229267 3.70833 0.762625 0.00254215 0.0006484 0.328219 0.461638 0.344828 0.905228 1.24082 0.06 48.4 0.056187 0
220.409 12.5178 0.140746 2.58258 222.187 12.5834 0.0189227 -0.00796377 4.18735 1.50956 -0.000201408 -9.96158e-005 0.29566 0.386418 0.616745 0.815856 2.01462 0.0119219 23.6864 0.290136 0
217.167 11.0717 0.109689 1.80463 218.167 11.0717 0 0 3.47222 0.499228 7.30862e-008 -1.63743e-006 0.364943 0.432581 0.666667 0.868022 1.06012 0.0918367 62.5714 0.0247667 0
220.816 13.5771 0.0931653 2.27929 221.84 13.5486 0.00156684 0.00287793 3.44922 0.603828 6.34843e-005 8.66817e-006 0.296921 0.447295 0.381465 0.868586 2.01548 0.0114871 26.1915 0.230884 0
218.96 9.81623 0.324528 2.18677 219.96 9.81623 0 0 3.4 0.489898 5.20337e-006 -3.16417e-006 0.588408 0.595238 0.65625 0.945547 0.30103 0.5 36 0.027027 0
220.464 8.03778 -0.901868 2.82248 221.393 7.96124 -0.0154135 0.0138359 3.28571 0.451754 0.00016762 -4.70957e-006 0.542931 0.791667 0.333333 0.979934 1.32235 0.0502959 55.2308 0.172432 0
217.577 10.2296 -0.36982 2.7943 219.946 10.3503 0.00497243 0.0363866 5.03846 1.22414 -0.000457818 -2.45199e-005 0.362437 0.516882 0.47457 0.88053 1.79367 0.0169668 72.0263 0.0750416 0
219.684 14.2775 0.243929 1.89988 220.684 14.2775 6.56419e-015 6.81677e-014 3.47368 0.499307 -2.96227e-006 -6.6469e-007 0.279762 0.425926 0.333333 0.871495 0.60206 0.25 101 0.0101959 0
221.364 10.2485 -0.87193 2.83946 223.927 10.5828 0.0357114 -0.118595 5.07273 0.911633 0.000106718 -1.04872e-006 0.293541 0.433974 0.373913 0.858937 1.53724 0.0328798 51.3333 0.165158 0
206.64 8.11852 -0.261804 1.8191 209.64 8.11852 2.16216e-014 -2.00284e-013 6 0 0 0 0.535541 0.738095 0.428571 0.956561 0.60206 0.25 53 0.0253283 0
219.359 13.491 0.376653 2.59142 221.516 13.3935 -0.0236136 -0.0877698 4.89542 1.22161 -0.000361306 -3.2235e-005 0.352497 0.483052 0.561979 0.761961 1.7902 0.0184375 31.3 0.165141 0
217.918 11.0921 0.328531 1.90635 219.521 11.5333 -0.011369 -0.0509171 4.20548 0.920972 4.7602e-005 1.1137e-005 0.142916 0.255125 0.338747 0.819881 1.53039 0.0344 34.36 0.123294 0
214.1 38.4069 -1.20682 3.49946 216.7 38.2153 -0.000436285 0.00247796 5.6 2.00998 0.000144297 1.71524e-006 0.778575 0.722222 1 0.982607 0.30103 0.5 100 0.00990099 0
216.842 11.2936 -0.288414 3.05853 217.842 11.2936 -1.23235e-014 1.73861e-013 3.96992 1.21976 0.000703278 -6.55113e-005 0.194178 0.38134 0.322493 0.825496 1.83483 0.016059 73.2292 0.0685395 0
219.058 8.95376 0.158713 1.8336 221.808 9.12528 -0.00104116 0.00565958 5.69231 1.33789 -0.000713407 0.000275424 0.154133 0.291785 0.251534 0.890376 1.27514 0.0561224 36.8571 0.230755 0
214.833 10.5882 -0.0925226 3.06462 215.92 10.5645 -0.00654884 0.00771749 3.93478 1.05092 0.000622652 1.97172e-005 0.191589 0.406093 0.351576 0.810827 1.7526 0.0191837 66.7714 0.0821713 0
215.027 10.344 -0.0467378 3.59016 216.027 10.344 0 0 3.55856 0.514382 -2.38113e-005 -5.91376e-006 0.191815 0.400765 0.310744 0.824054 1.73092 0.0195313 55.375 0.0911671 0
222.156 32.2491 -1.38893 4.39382 225.313 31.975 -0.0326326 0.0704211 6.25 2.87228 0.000306069 -4.37137e-005 0.777398 0.75 0.833333 0.975394 1.16649 0.0703125 51.875 0.269577 0
211.75 2.54706 -0.427786 2.88076 214.75 2.54706 0 0 6 0 0 0 0.55488 0.666667 0.346154 0.975674 1.07918 0.0833333 97 0.0228897 0
236.074 5.42918 0.178932 2.37409 239.074 5.42918 0 0 5.03704 0.188853 9.9413e-005 1.65908e-005 0.725532 0.9 0.8 0.953082 0.90309 0.125 135.25 0.0100133 0
208.524 7.70664 -0.332288 2.22352 211.524 7.70664 -3.05034e-014 2.72005e-013 6.38095 0.652919 0.000548792 4.15788e-005 0.74689 0.681818 0.818182 0.964539 0.778151 0.166667 152.667 0.00856392 0
217.922 10.9402 0.208859 2.69892 219.021 11.0302 0.0408228 0.0565342 3.70922 0.767597 0.000206805 3.78392e-005 0.152356 0.32747 0.348378 0.758532 1.78452 0.0178125 68.875 0.0929958 0
219.862 35.6711 -2.37269 9.76658 222.708 35.3165 -0.00961131 0.042951 6.01538 3.43508 0.00253771 0.000287053 0.273552 0.50948 0.257282 0.901231 1.40415 0.0408163 55.5 0.0827442 0
213.764 11.3541 -0.324866 3.02474 215.755 11.5541 0.0211083 -0.0456006 4.77358 1.17186 0.000165881 -7.68108e-005 0.223132 0.408349 0.503247 0.731451 1.93857 0.0130612 64.8429 0.1451 0
219.5 8.18183 -0.759372 2.59929 220.962 8.29959 -0.0419062 0.0278417 4 1.1767 0.00222864 -8.13119e-005 0.237473 0.432692 0.230769 0.94891 1.20412 0.0625 50.25 0.0373959 0
228.929 24.6735 -1.41738 5.86264 230.857 23.9951 -0.0404861 0.152989 5.21429 1.7394 0.000268725 -2.47034e-005 0.840861 0.78 1 0.985242 1.10312 0.0816327 36.1429 0.171657 0
209.655 8.86401 0.527514 3.06282 213.103 8.73102 -0.041242 0.0239459 7.44828 0.893895 -0.00022044 -4.20124e-005 0.265786 0.479186 0.22314 0.963544 0 0 0 0 0
233.381 6.0669 0.215322 2.14089 235.714 5.64963 -0.129312 0.0816649 4.33333 0.942809 -0.0023326 -0.000215879 0.40426 0.555556 0.333333 0.938178 1.10312 0.0816327 83.7143 0.159532 0
208.654 4.15972 0.104343 2.75517 209.654 4.15972 3.29251e-014 1.15907e-012 3.96154 0.192308 -0.000242298 4.86151e-005 0.351016 0.5667 0.261364 0.964976 1.26032 0.0578512 53.8182 0.13644 0
222.88 27.6944 -2.33258 11.5552 225.308 27.3853 -0.0120624 0.0882205 5.07692 2.15293 0.00106094 2.98322e-005 0.288927 0.613115 0.395652 0.778516 1.81758 0.016868 57.5306 0.087518 0
217.914 12.8171 -0.0582486 2.54632 219.725 12.5496 -0.00662348 -0.0372551 5.44643 1.60044 0.000170671 4.53614e-005 0.379844 0.501708 0.651648 0.796355 2.0194 0.0121362 24.6264 0.212938 0
230.64 24.8868 -1.42236 5.1749 232.28 24.4254 -0.00519581 0.00987233 4.52 1.57785 0.000235133 -2.49697e-005 0.871467 0.85 0.8 1 0.90309 0.125 26.25 0.185603 0
210.719 5.05739 -0.193198 3.00718 211.719 5.05739 0 0 3.875 0.330719 -0.000290069 2.86703e-005 0.23862 0.488354 0.190217 0.960998 1.39226 0.0429688 66.9375 0.0423632 0
229.318 4.4557 0.0492894 1.76751 230.409 4.36577 0.00137532 0.0280397 3.13636 0.624897 0.00631712 0.00382922 0.586893 0.7 0.4 0.976838 1.25527 0.0555556 75.2222 0.0965336 0
219 29.7469 -2.33138 11.3087 220.88 29.9278 -0.0121188 0.00497537 4.512 1.49461 0.000159963 -1.68491e-005 0.220696 0.498927 0.497854 0.679045 1.83649 0.0154137 61.7442 0.105032 0
216.136 12.5839 0.199583 2.54391 217.989 12.2627 -0.0274852 0.000556609 5.0226 1.65347 -0.0001632 -0.000178563 0.339192 0.460957 0.431567 0.873526 1.85636 0.0149778 38.1346 0.102431 0
224.56 29.5365 -1.07601 3.28851 227 28.9924 -0.0284313 0.0458104 4.8 2.24499 5.04468e-005 -1.16519e-005 0.709976 0.8 0.8 0.982701 0.90309 0.125 24.75 0.267755 0
216.414 8.77414 0.670025 2.6266 217.529 8.89739 0.00127709 -0.0132451 3.72857 0.652937 5.74557e-005 3.65708e-005 0.230049 0.433247 0.203827 0.94275 1.50857 0.0328798 39.6667 0.171142 0
216.524 11.693 -0.0152936 1.90845 218.381 12.446 0.0246135 -0.0188777 4.42857 0.791107 3.53975e-005 5.49589e-006 0.441306 0.618182 0.366667 0.925807 0 0 0 0 0
215.25 4.18181 0.070656 2.37854 215.45 4.2834 0.0381384 -0.0365379 0.65 1.31434 0.0224599 0.00561314 0.55488 0.565217 0.521739 0.949585 0.978838 0.111111 5 0.476471 0
224.821 27.9262 -2.09948 10.5234 227.55 27.6564 -0.0304365 0.144017 5.70714 2.10271 0.000880336 9.7483e-005 0.603564 0.715278 0.834677 0.896898 1.86503 0.0149872 76.375 0.0856803 0
221.568 12.479 -0.0783248 2.09376 223.519 12.0661 -0.0410093 0.0508115 5.17838 1.87604 -0.000471597 -0.000189038 0.21607 0.363197 0.727265 0.74429 1.83451 0.0164515 32.9796 0.240636 0
223.364 30.5573 -1.0626 3.26973 225.97 30.1687 -0.0198899 0.0311085 5 2.05971 -3.59009e-005 8.39421e-006 0.745752 0.725309 1 0.963758 1.14613 0.0714286 31.2857 0.120176 0
215.596 4.88034 -0.77552 3.60101 216.712 4.80919 0.0275655 -0.0686935 3.73077 0.736817 0.00384289 0.000524365 0.155176 0.450568 0.1375 0.917748 1.59999 0.0272222 40.1333 0.16495 0
223.263 25.3885 -1.57953 8.95745 225.538 25.1344 -0.0180404 0.122177 4.86538 1.77261 0.000371358 -2.93982e-005 0.719446 0.757209 0.832928 0.938804 1.94314 0.0131579 64.2237 0.115897 0
216.017 12.7601 -0.223393 2.81289 217.261 12.6784 -0.0273595 0.0278162 4.21577 1.45582 0.000845944 3.843e-006 0.300548 0.452096 0.478947 0.846249 2.03419 0.0105888 37.9545 0.197252 0
222.436 4.62312 -0.398822 2.49889 223.436 4.62312 0 0 3.12727 0.333278 0.000493694 4.73187e-005 0.205311 0.470752 0.173709 0.937588 1.61003 0.0266667 47.8667 0.13616 0
214.089 12.825 0.629788 1.8521 216.289 11.9362 0.0111503 0.036191 4.84444 1.42915 -0.000903367 -5.68937e-005 0.3468 0.520833 0.5 0.799455 1.14613 0.0714286 73.1429 0.0215889 0
209.061 7.23602 -0.0232348 3.1901 209.152 7.37778 0.0283434 -0.0228419 0.272727 0.862439 0.00231175 0.00054782 0.63624 0.650452 0.764706 0.952773 1.30103 0.05 55.7 0.0841484 1
222.951 28.2764 -1.78254 9.07948 223.864 28.181 -0.0100433 0.0422111 3.50617 1.33448 0.000112435 -1.02585e-005 0.426122 0.665 0.5 0.832646 1.92422 0.0136719 74.3625 0.0889577 1
216.406 12.7957 0.228748 2.79444 217.506 12.8212 0.011879 -0.0351397 3.70556 1.0472 0.000217655 0.000138944 0.306039 0.45523 0.367187 0.877886 1.88106 0.0142 48.92 0.130048 1
227.042 6.3671 0.0682448 2.20823 228.125 6.43113 -0.00886764 -0.0336674 3.125 0.438986 0.000552851 0.000133275 0.305723 0.592905 0.216216 0.953753 1.25527 0.0555556 60.6667 0.055149 1
217.711 34.8975 -2.00784 8.33133 220.124 34.8509 -0.0495278 0.202293 5.27835 2.54746 0.000337543 -7.98674e-005 0.438742 0.545722 0.692033 0.874297 1.54767 0.0299587 60.5 0.106746 1
229.803 6.25108 -0.156741 3.15445 231.934 6.03506 0.0410471 0.000300905 4.09836 1.78982 -0.00875107 -0.00140918 0.181016 0.416452 0.170103 0.936452 1.51684 0.0356718 39.2414 0.288908 1
226.25 28.4374 -1.15972 3.49749 227.55 27.6794 -0.0102022 0.00272064 8.3 2.64764 0.000620734 -4.3628e-005 0.691565 0.78125 1 0.945032 0.778151 0.166667 14 0.199095 1
213.035 10.1261 0.216054 2.90071 215.805 10.246 0.00313668 0.0124109 6.0354 1.44779 -0.00333468 0.00121441 0.186993 0.341883 0.468496 0.703115 1.99646 0.0109333 43.7333 0.194787 1
217.203 30.3982 -1.90832 8.68857 220.919 30.2697 -0.0685457 0.312308 7.39024 2.83312 0.000904143 -0.000235828 0.495567 0.61485 0.798514 0.808348 1.76379 0.0190625 51.65 0.141633 1
237.101 5.97801 0.290978 2.48364 238.671 5.59322 0.0595208 0.0353209 4.32911 1.0028 -0.00200541 -0.000473115 0.153119 0.438009 0.139505 0.930131 1.67975 0.0233399 36.5128 0.168558 1
229.296 28.731 -1.11723 3.09189 230.556 28.3253 -0.0145646 0.0125062 6.48148 2.37846 0.000408823 -1.19338e-005 0.725606 0.700758 0.916667 0.956067 0.90309 0.125 11.75 0.281757 1
217.932 12.5429 0.203941 2.4091 220.394 12.3403 -0.0511174 -0.0185833 5.38873 1.56399 -0.00106196 3.08424e-005 0.309137 0.461727 0.574088 0.803848 2.11787 0.00891111 30.82 0.190481 1
217.3 12.3751 -0.0778361 4.92215 218.833 12.5647 -0.035368 -0.113962 3.86667 1.28409 0.000154862 -0.00015898 0.380196 0.445598 0.651163 0.851475 1.30103 0.05 44.6 0.104581 1
216.259 33.6358 -2.21315 9.66348 218.906 33.4645 0.00773422 -0.0490089 5.71765 3.01218 0.00231276 0.000543457 0.531934 0.585571 0.916883 0.849502 1.59458 0.0260771 37.8095 0.0784911 1
228.76 26.4413 -1.47315 4.88941 231.8 26.2267 -0.0290365 0.0684143 5.68 2.13016 6.74484e-005 -2.47445e-005 0.786081 0.702479 1 0.967581 0.90309 0.125 51.25 0.0481868 1
215.139 11.2745 0.419134 2.5153 216.94 10.9261 -0.014122 -0.0135554 4.54229 1.68678 0.000516141 0.000105764 0.107255 0.249221 0.497586 0.609004 1.80136 0.017094 40.2821 0.146559 1
220.927 31.5007 -1.97071 8.96699 222.229 31.1751 -0.0107945 0.0306297 3.96875 2.19589 0.000644137 2.89685e-005 0.438254 0.524917 0.774728 0.807505 1.50997 0.0340909 43.4545 0.12351 1
226.25 26.2916 -1.00748 3.41708 228.563 26.0528 -0.0410719 0.0969377 4.6875 2.02234 3.51077e-005 1.20675e-006 0.927069 0.92 1 1 1.14613 0.0714286 45.2857 0.148297 1
214.733 21.3171 0.451803 2.40449 216.889 20.8019 -0.0385632 -0.0050313 5.48889 2.13565 -0.000627874 -8.77976e-006 0.165205 0.333333 0.529412 0.687891 1.12886 0.078125 89.625 0.0914828 1
239.778 4.34045 -0.34083 2.74315 241.944 4.10923 0.0640964 -0.129616 4.16667 0.986013 0.000389567 -0.00280494 0.169327 0.427865 0.158301 0.942936 1.32235 0.0502959 53.3846 0.212949 1
215.799 11.362 0.0673841 2.46823 217.525 10.9194 -0.0322634 0.0418548 4.26639 1.83955 -0.00151176 0.000246658 0.237606 0.337804 0.844828 0.751576 2.03257 0.0105882 39.2235 0.167411 1
224.346 30.0611 -1.93752 8.93743 226.75 29.6935 -0.0141446 0.0310529 5.97115 2.61452 0.00136171 0.000209878 0.801273 0.762029 0.81002 0.984388 1.57069 0.0299745 61 0.104189 1
226 23.5213 -0.868471 3.2855 227.5 23.4641 -0.0245851 0.0483539 3.8125 1.37925 8.38443e-005 -1.53261e-007 0.927069 0.92 1 1 1.01712 0.102041 37.1429 0.185514 1
228.172 21.0419 -0.652803 2.61978 229.241 20.847 -0.0152038 0.0338796 4.31034 1.34173 -3.76301e-005 1.5822e-005 0.293684 0.476093 0.393443 0.850792 1.20412 0.0625 79.125 0.0181116 1
215.629 12.6061 0.179445 2.60988 217.596 12.1274 -0.0213865 0.0285398 4.45289 1.63874 -0.000366762 -0.000181345 0.280533 0.439046 0.464298 0.8103 2.05588 0.0103616 36.5317 0.201371 1
218.562 30.7494 -1.93535 8.9035 220.764 30.5721 -0.0395781 0.203258 4.86517 1.68397 0.000152606 -2.0494e-005 0.418065 0.493458 0.72737 0.813821 1.56591 0.0283447 57.5714 0.0909273 1
230.561 16.5132 -0.348206 1.80227 231.561 16.5132 0 0 3.31707 0.465336 1.26926e-005 -5.80589e-008 0.30056 0.456195 0.33758 0.911206 1.40415 0.0408163 68.7143 0.0410311 1
212.99 10.2337 0.272514 3.17916 214.068 10.1243 -0.0014781 0.012323 3.875 1.08253 -4.50835e-005 0.000141671 0.190728 0.378191 0.369352 0.774391 1.86424 0.0144862 51.7447 0.168323 1
221.404 28.7448 -1.58471 7.60676 222.978 28.6254 -0.0362044 0.112623 3.61798 1.86334 0.000172191 -4.64902e-005 0.558013 0.634823 0.670993 0.875579 1.42661 0.0416667 48 0.102771 1
220.114 26.4259 -0.149548 1.77866 221.182 25.9442 0.00339526 -0.02185 5.11364 1.6681 -9.72028e-005 1.17773e-005 0.667912 0.654025 0.558824 0.956628 1.07918 0.0833333 144.5 0.0120217 1
226.393 28.8646 -1.04896 3.70017 226.464 28.6013 -0.00114864 -0.00810202 6.92857 3.1274 0.000238133 -8.91061e-005 0.764828 0.78 1 0.953718 0.978838 0.111111 34.3333 0.348845 1
217.225 11.7827 0.309589 2.50686 218.229 11.7746 0.00250244 -0.00301517 3.61847 1.01149 -9.68259e-005 9.50313e-005 0.22354 0.371503 0.505562 0.738551 2.03914 0.0102422 34.5529 0.139041 1
224.842 26.9422 -1.55296 7.0123 227.305 26.5929 -0.0208035 0.0964609 5.71579 1.97171 0.000426857 -2.48166e-005 0.597428 0.65807 0.75416 0.889232 1.64595 0.0255102 48.4643 0.0877726 1
222.491 26.8512 -0.262076 1.75852 223.386 26.62 -0.00182571 -0.00574411 3.92982 1.30934 -3.53777e-005 9.16342e-006 0.507591 0.558442 0.785714 0.895716 1.32235 0.056213 59.3846 0.187122 1
229.179 26.9285 -1.2037 4.04106 229.893 26.6583 -0.0165221 0.0377704 2.60714 1.39743 3.56967e-005 -5.89929e-006 0.840861 0.78 1 0.985242 0.939794 0.12 39.6 0.256764 1
215.198 10.8493 0.21982 2.63039 217.034 11.4131 0.00899351 -0.0205243 5.00683 1.50311 -0.00018141 0.000338283 0.235975 0.396628 0.537405 0.694377 2.05179 0.0096314 45.5 0.136465 1
220.6 29.3258 -1.47835 6.29849 221.424 29.1436 -0.0144854 0.0473744 3.52941 1.2796 6.13221e-005 -2.12666e-006 0.549945 0.580683 0.791337 0.847264 1.51641 0.031856 41.3684 0.0794198 1
227.071 27.9744 -0.879856 2.58862 227.714 27.8104 -0.00110024 -0.000912543 3.64286 1.00762 1.40346e-005 2.15998e-007 0.698735 0.678571 0.571429 0.986874 0.60206 0.25 102.5 0.0164547 1
232.45 22.551 -1.43774 4.27365 235.25 22.2123 -0.0364324 0.0787747 5.1 1.9975 0.000322833 -5.95726e-005 0.774355 0.833333 0.6 0.987492 0.60206 0.25 17 0.0692308 1
211.374 8.61064 0.0178318 3.06126 212.722 8.8414 0.0142652 0.0398811 4.23232 1.0183 0.000291096 6.24267e-005 0.262887 0.373018 0.470345 0.822369 1.8983 0.0138683 58.9231 0.12789 1
224.225 28.3594 -1.22755 4.65301 225.902 27.9322 -0.000220298 -0.000978897 5.65686 2.1213 0.000177653 4.22797e-006 0.607902 0.681905 0.764444 0.880636 1.66853 0.0234131 43.3548 0.13358 0
234.677 23.3313 -1.48737 4.59032 235.403 23.1938 -0.00969848 0.0195528 3.98387 1.57082 0.000101811 -1.47531e-005 0.414551 0.741667 0.266667 0.937969 1.41569 0.0429688 83.25 0.102946 0
223.613 31.221 -1.04965 3.33166 225.968 30.5967 -0.0298301 0.0527593 4.51613 2.46093 7.81426e-005 -1.44484e-005 0.886762 0.916667 0.666667 1 1.07918 0.0833333 52.5 0.135511 0
214.314 15.1106 0.685253 2.62136 215.371 14.9553 -0.0283068 -0.0470741 3.94286 1.21756 -8.58992e-005 -4.68768e-006 0.347102 0.597222 0.25 0.945499 0.90309 0.125 94.5 0.0126195 0
212.665 9.37821 0.0520305 3.02775 213.655 9.18857 0.00395463 0.0619631 4.51942 1.15629 0.000298443 -0.000163667 0.366934 0.506078 0.440246 0.880254 1.89121 0.0142353 62.6825 0.131554 0
